,Unnamed: 0,genre,vote_avg,release_date,movie_y,budget,domestic_gross,worldwide_gross,worldwide_gross - budget,domestic_gross - budget,isAction,isAdventure,isAnimation,isComedy,isCrime,isDocumentary,isDrama,isFamily,isFantasy,isHistory,isHorror,isMusic,isMystery,isRomance,isScify,isTVmovie,isThriller,isWar,isWestern
0,0,"[28, 12, 14]",6.4,2011-05-14,Pirates of the Caribbean: On Stranger Tides,410600000.0,241063875.0,1045663875.0,635063875.0,-169536125.0,1,1,0,0,0,0,0,0,1,0,0,0,0,0,0,0,0,0,0
1,1,"[28, 12, 878]",8.3,2019-04-24,Avengers: Endgame,400000000.0,858373000.0,2797800564.0,2397800564.0,458373000.0,1,1,0,0,0,0,0,0,0,0,0,0,0,0,1,0,0,0,0
2,2,"[28, 12, 878]",7.3,2015-04-22,Avengers: Age of Ultron,330600000.0,459005868.0,1403013963.0,1072413963.0,128405868.0,1,1,0,0,0,0,0,0,0,0,0,0,0,0,1,0,0,0,0
3,3,"[28, 12, 878]",8.3,2018-04-25,Avengers: Infinity War,300000000.0,678815482.0,2048359754.0,1748359754.0,378815482.0,1,1,0,0,0,0,0,0,0,0,0,0,0,0,1,0,0,0,0
4,4,"[28, 12, 14]",7.1,2007-05-19,Pirates of the Caribbean: At World’s End,300000000.0,309420425.0,963420425.0,663420425.0,9420425.0,1,1,0,0,0,0,0,0,1,0,0,0,0,0,0,0,0,0,0
5,5,"[28, 12, 14, 878]",6.2,2017-11-15,Justice League,300000000.0,229024295.0,655945209.0,355945209.0,-70975705.0,1,1,0,0,0,0,0,0,1,0,0,0,0,0,1,0,0,0,0
6,6,"[28, 12, 80]",6.4,2015-10-26,Spectre,300000000.0,200074175.0,879620923.0,579620923.0,-99925825.0,1,1,0,0,1,0,0,0,0,0,0,0,0,0,0,0,0,0,0
7,7,"[28, 80, 18, 53]",7.7,2012-07-16,The Dark Knight Rises,275000000.0,448139099.0,1084439099.0,809439099.0,173139099.0,1,0,0,0,1,0,1,0,0,0,0,0,0,0,0,0,1,0,0
8,8,"[28, 12, 878]",6.6,2018-05-15,Solo: A Star Wars Story,275000000.0,213767512.0,393151347.0,118151347.0,-61232488.0,1,1,0,0,0,0,0,0,0,0,0,0,0,0,1,0,0,0,0
9,9,"[28, 12, 37]",6.0,2013-07-03,The Lone Ranger,275000000.0,89302115.0,260002115.0,-14997885.0,-185697885.0,1,1,0,0,0,0,0,0,0,0,0,0,0,0,0,0,0,0,1
10,10,"[28, 12, 878]",6.1,2012-03-07,John Carter,275000000.0,73058679.0,282778100.0,7778100.0,-201941321.0,1,1,0,0,0,0,0,0,0,0,0,0,0,0,1,0,0,0,0
11,11,"[16, 10751]",7.5,2010-11-24,Tangled,260000000.0,200821936.0,586477240.0,326477240.0,-59178064.0,0,0,1,0,0,0,0,1,0,0,0,0,0,0,0,0,0,0,0
12,12,"[28, 12, 14]",6.2,2007-05-01,Spider-Man 3,258000000.0,336530303.0,894860230.0,636860230.0,78530303.0,1,1,0,0,0,0,0,0,1,0,0,0,0,0,0,0,0,0,0
13,13,"[28, 12, 878]",7.4,2016-04-27,Captain America: Civil War,250000000.0,408084349.0,1153284349.0,903284349.0,158084349.0,1,1,0,0,0,0,0,0,0,0,0,0,0,0,1,0,0,0,0
14,14,"[28, 12, 14]",5.8,2016-03-23,Batman v Superman: Dawn of Justice,250000000.0,330360194.0,873634919.0,623634919.0,80360194.0,1,1,0,0,0,0,0,0,1,0,0,0,0,0,0,0,0,0,0
15,15,"[28, 12, 14]",7.2,2012-11-26,The Hobbit: An Unexpected Journey,250000000.0,303003568.0,1017003568.0,767003568.0,53003568.0,1,1,0,0,0,0,0,0,1,0,0,0,0,0,0,0,0,0,0
16,16,"[12, 14]",7.7,2009-07-07,Harry Potter and the Half-Blood Prince,250000000.0,302089278.0,935213767.0,685213767.0,52089278.0,0,1,0,0,0,0,0,0,1,0,0,0,0,0,0,0,0,0,0
17,17,"[28, 12, 14]",7.6,2013-12-11,The Hobbit: The Desolation of Smaug,250000000.0,258366855.0,960366855.0,710366855.0,8366855.0,1,1,0,0,0,0,0,0,1,0,0,0,0,0,0,0,0,0,0
18,18,"[28, 12, 14]",7.3,2014-12-10,The Hobbit: The Battle of the Five Armies,250000000.0,255119788.0,945577621.0,695577621.0,5119788.0,1,1,0,0,0,0,0,0,1,0,0,0,0,0,0,0,0,0,0
19,19,"[28, 80, 53]",6.9,2017-04-12,The Fate of the Furious,250000000.0,225764765.0,1234846267.0,984846267.0,-24235235.0,1,0,0,0,1,0,0,0,0,0,0,0,0,0,0,0,1,0,0
20,20,"[28, 12, 14, 878]",7.4,2009-12-10,Avatar,237000000.0,760507625.0,2789705275.0,2552705275.0,523507625.0,1,1,0,0,0,0,0,0,1,0,0,0,0,0,1,0,0,0,0
21,21,"[28, 12, 878]",5.6,2006-06-28,Superman Returns,232000000.0,200120000.0,391081192.0,159081192.0,-31880000.0,1,1,0,0,0,0,0,0,0,0,0,0,0,0,1,0,0,0,0
22,22,"[28, 12, 35, 14]",6.6,2017-05-23,Pirates of the Caribbean: Dead Men Tell No Tales,230000000.0,172558876.0,788241137.0,558241137.0,-57441124.0,1,1,0,1,0,0,0,0,1,0,0,0,0,0,0,0,0,0,0
23,23,"[28, 12, 80, 53]",6.2,2008-10-30,Quantum of Solace,230000000.0,169368427.0,591692078.0,361692078.0,-60631573.0,1,1,0,0,1,0,0,0,0,0,0,0,0,0,0,0,1,0,0
24,24,"[28, 12, 878]",7.7,2012-04-25,The Avengers,225000000.0,623357910.0,1518812988.0,1293812988.0,398357910.0,1,1,0,0,0,0,0,0,0,0,0,0,0,0,1,0,0,0,0
25,25,"[28, 12, 14]",7.2,2006-06-20,Pirates of the Caribbean: Dead Man’s Chest,225000000.0,423315812.0,1066215812.0,841215812.0,198315812.0,1,1,0,0,0,0,0,0,1,0,0,0,0,0,0,0,0,0,0
26,26,"[28, 12, 14, 878]",6.5,2013-06-12,Man of Steel,225000000.0,291045518.0,667999518.0,442999518.0,66045518.0,1,1,0,0,0,0,0,0,1,0,0,0,0,0,1,0,0,0,0
27,27,"[12, 14, 10751]",6.5,2008-05-15,The Chronicles of Narnia: Prince Caspian,225000000.0,141621490.0,417341288.0,192341288.0,-83378510.0,0,1,0,0,0,0,0,1,1,0,0,0,0,0,0,0,0,0,0
28,28,"[28, 12, 14]",6.5,2012-06-27,The Amazing Spider-Man,220000000.0,262030663.0,757890267.0,537890267.0,42030663.0,1,1,0,0,0,0,0,0,1,0,0,0,0,0,0,0,0,0,0
29,29,"[28, 12, 878, 53]",5.6,2012-04-11,Battleship,220000000.0,65233400.0,313477717.0,93477717.0,-154766600.0,1,1,0,0,0,0,0,0,0,0,0,0,0,0,1,0,1,0,0
30,30,"[28, 878, 53, 12]",6.0,2017-06-16,Transformers: The Last Knight,217000000.0,130168683.0,602893340.0,385893340.0,-86831317.0,1,1,0,0,0,0,0,0,0,0,0,0,0,0,1,0,1,0,0
31,31,"[28, 12, 878, 53]",6.6,2015-06-06,Jurassic World,215000000.0,652270625.0,1648854864.0,1433854864.0,437270625.0,1,1,0,0,0,0,0,0,0,0,0,0,0,0,1,0,1,0,0
32,32,"[28, 35, 878]",6.4,2012-05-23,Men in Black 3,215000000.0,179020854.0,654213485.0,439213485.0,-35979146.0,1,0,0,1,0,0,0,0,0,0,0,0,0,0,1,0,0,0,0
33,33,"[28, 12, 878]",6.0,2009-06-19,Transformers: Revenge of the Fallen,210000000.0,402111870.0,836519699.0,626519699.0,192111870.0,1,1,0,0,0,0,0,0,0,0,0,0,0,0,1,0,0,0,0
34,34,"[28, 12, 878]",5.8,2014-06-25,Transformers: Age of Extinction,210000000.0,245439076.0,1104054072.0,894054072.0,35439076.0,1,1,0,0,0,0,0,0,0,0,0,0,0,0,1,0,0,0,0
35,35,"[28, 12, 878, 53]",6.4,2006-05-24,X-Men: The Last Stand,210000000.0,234362462.0,459260946.0,249260946.0,24362462.0,1,1,0,0,0,0,0,0,0,0,0,0,0,0,1,0,1,0,0
36,36,"[28, 12, 53]",5.8,2018-11-21,Robin Hood,210000000.0,105487148.0,322459006.0,112459006.0,-104512852.0,1,1,0,0,0,0,0,0,0,0,0,0,0,0,0,0,1,0,0
37,37,"[28, 12, 53]",5.8,2018-11-21,Robin Hood,99000000.0,30824628.0,85146186.0,-13853814.0,-68175372.0,1,1,0,0,0,0,0,0,0,0,0,0,0,0,0,0,1,0,0
38,38,"[12, 14]",6.0,2007-12-04,The Golden Compass,205000000.0,70107728.0,367262558.0,162262558.0,-134892272.0,0,1,0,0,0,0,0,0,1,0,0,0,0,0,0,0,0,0,0
39,39,"[28, 12, 878]",7.5,2016-12-14,Rogue One: A Star Wars Story,200000000.0,532177324.0,1056057273.0,856057273.0,332177324.0,1,1,0,0,0,0,0,0,0,0,0,0,0,0,1,0,0,0,0
40,40,"[12, 16, 35, 10751]",7.0,2016-06-16,Finding Dory,200000000.0,486295561.0,1028570889.0,828570889.0,286295561.0,0,1,1,1,0,0,0,1,0,0,0,0,0,0,0,0,0,0,0
41,41,"[16, 35, 10751]",7.8,2010-06-16,Toy Story 3,200000000.0,415004880.0,1068879522.0,868879522.0,215004880.0,0,0,1,1,0,0,0,1,0,0,0,0,0,0,0,0,0,0,0
42,42,"[28, 12, 878]",6.9,2013-04-18,Iron Man 3,200000000.0,408992272.0,1215392272.0,1015392272.0,208992272.0,1,1,0,0,0,0,0,0,0,0,0,0,0,0,1,0,0,0,0
43,43,"[28, 12, 35, 878]",7.7,2017-04-19,Guardians of the Galaxy Vol 2,200000000.0,389813101.0,869113101.0,669113101.0,189813101.0,1,1,0,1,0,0,0,0,0,0,0,0,0,0,1,0,0,0,0
44,44,"[12, 16, 14, 10751]",7.1,1951-07-03,Alice in Wonderland,200000000.0,334191110.0,1025491110.0,825491110.0,134191110.0,0,1,1,0,0,0,0,1,1,0,0,0,0,0,0,0,0,0,0
45,45,"[28, 12, 53]",7.1,2012-10-25,Skyfall,200000000.0,304360277.0,1110526981.0,910526981.0,104360277.0,1,1,0,0,0,0,0,0,0,0,0,0,0,0,0,0,1,0,0
46,46,"[16, 10751]",7.0,2013-06-20,Monsters University,200000000.0,268488329.0,743588329.0,543588329.0,68488329.0,0,0,1,0,0,0,0,1,0,0,0,0,0,0,0,0,0,0,0
47,47,"[12, 14, 10751]",5.9,2013-03-07,Oz the Great and Powerful,200000000.0,234770996.0,490359051.0,290359051.0,34770996.0,0,1,0,0,0,0,0,1,1,0,0,0,0,0,0,0,0,0,0
48,48,"[28, 12, 14, 878]",7.5,2014-05-15,X-Men: Days of Future Past,200000000.0,233921534.0,747862775.0,547862775.0,33921534.0,1,1,0,0,0,0,0,0,1,0,0,0,0,0,1,0,0,0,0
49,49,"[28, 12, 14]",6.4,2014-04-16,The Amazing Spider-Man 2,200000000.0,202853933.0,708996336.0,508996336.0,2853933.0,1,1,0,0,0,0,0,0,1,0,0,0,0,0,0,0,0,0,0
50,50,"[12, 16, 35, 10751]",5.9,2011-06-11,Cars 2,200000000.0,191450875.0,560155383.0,360155383.0,-8549125.0,0,1,1,1,0,0,0,1,0,0,0,0,0,0,0,0,0,0,0
51,51,"[28, 12, 878]",6.4,2010-12-10,Tron: Legacy,200000000.0,172062763.0,400062763.0,200062763.0,-27937237.0,1,1,0,0,0,0,0,0,0,0,0,0,0,0,1,0,0,0,0
52,52,"[28, 12, 878]",5.7,2009-10-10,2012,200000000.0,166112167.0,757677748.0,557677748.0,-33887833.0,1,1,0,0,0,0,0,0,0,0,0,0,0,0,1,0,0,0,0
53,53,"[12, 14, 10751]",6.9,2018-11-14,Fantastic Beasts: The Crimes of Grindelwald,200000000.0,159555901.0,652220086.0,452220086.0,-40444099.0,0,1,0,0,0,0,0,1,1,0,0,0,0,0,0,0,0,0,0
54,54,"[28, 878, 53]",5.9,2009-05-20,Terminator Salvation,200000000.0,125322469.0,365491792.0,165491792.0,-74677531.0,1,0,0,0,0,0,0,0,0,0,0,0,0,0,1,0,1,0,0
55,55,"[28, 12, 878, 53]",5.1,2011-06-16,Green Lantern,200000000.0,116601172.0,219535492.0,19535492.0,-83398828.0,1,1,0,0,0,0,0,0,0,0,0,0,0,0,1,0,1,0,0
56,56,"[28, 12, 14, 10749]",6.2,2010-05-19,Prince of Persia: Sands of Time,200000000.0,90759676.0,336359676.0,136359676.0,-109240324.0,1,1,0,0,0,0,0,0,1,0,0,0,0,1,0,0,0,0,0
57,57,"[28, 12, 878]",6.1,2011-06-28,Transformers: Dark of the Moon,195000000.0,352390543.0,1123794079.0,928794079.0,157390543.0,1,1,0,0,0,0,0,0,0,0,0,0,0,0,1,0,0,0,0
58,58,"[28, 12, 14, 27, 53]",5.5,2017-06-06,The Mummy,195000000.0,80101125.0,409953905.0,214953905.0,-114898875.0,1,1,0,0,0,0,0,0,1,0,1,0,0,0,0,0,1,0,0
59,59,"[28, 12, 10751, 14]",5.7,2013-02-27,Jack the Giant Slayer,195000000.0,65187603.0,197687603.0,2687603.0,-129812397.0,1,1,0,0,0,0,0,1,1,0,0,0,0,0,0,0,0,0,0
60,60,"[28, 80, 53]",7.3,2015-04-01,Furious 7,190000000.0,353007020.0,1518722794.0,1328722794.0,163007020.0,1,0,0,0,1,0,0,0,0,0,0,0,0,0,0,0,1,0,0
61,61,"[28, 12, 878]",7.3,2013-05-05,Star Trek Into Darkness,190000000.0,228778661.0,467381584.0,277381584.0,38778661.0,1,1,0,0,0,0,0,0,0,0,0,0,0,0,1,0,0,0,0
62,62,"[28, 18, 27, 878, 53]",6.7,2013-06-20,World War Z,190000000.0,202359711.0,531514650.0,341514650.0,12359711.0,1,0,0,0,0,0,1,0,0,0,1,0,0,0,1,0,1,0,0
63,63,"[18, 10749]",7.4,2013-05-10,The Great Gatsby,190000000.0,144840419.0,353640419.0,163640419.0,-45159581.0,0,0,0,0,0,0,1,0,0,0,0,0,0,1,0,0,0,0,0
64,64,"[16, 10751]",6.8,2009-11-04,Disney’s A Christmas Carol,190000000.0,137855863.0,315709697.0,125709697.0,-52144137.0,0,0,1,0,0,0,0,1,0,0,0,0,0,0,0,0,0,0,0
65,65,"[28, 878, 12]",6.8,2013-07-11,Pacific Rim,190000000.0,101802906.0,411002906.0,221002906.0,-88197094.0,1,1,0,0,0,0,0,0,0,0,0,0,0,0,1,0,0,0,0
66,66,"[12, 16, 10751]",6.7,2015-11-14,The Good Dinosaur,187500000.0,123087120.0,333771037.0,146271037.0,-64412880.0,0,1,1,0,0,0,0,1,0,0,0,0,0,0,0,0,0,0,0
67,67,"[28, 12, 878]",7.6,2008-04-30,Iron Man,186000000.0,318604126.0,585171547.0,399171547.0,132604126.0,1,1,0,0,0,0,0,0,0,0,0,0,0,0,1,0,0,0,0
68,68,"[28, 80, 18, 53]",8.4,2008-07-16,The Dark Knight,185000000.0,533720947.0,1001996207.0,816996207.0,348720947.0,1,0,0,0,1,0,1,0,0,0,0,0,0,0,0,0,1,0,0
69,69,"[28, 12]",5.9,2008-05-21,Indiana Jones and the Kingdom of the Crystal Skull,185000000.0,317101119.0,786635413.0,601635413.0,132101119.0,1,1,0,0,0,0,0,0,0,0,0,0,0,0,0,0,0,0,0
70,70,"[28, 12, 16, 35, 14, 10751]",6.9,2012-06-21,Brave,185000000.0,237282182.0,554606532.0,369606532.0,52282182.0,1,1,1,1,0,0,0,1,1,0,0,0,0,0,0,0,0,0,0
71,71,"[28, 12, 14]",6.4,2017-03-08,Kong: Skull Island,185000000.0,168052812.0,561072059.0,376072059.0,-16947188.0,1,1,0,0,0,0,0,0,1,0,0,0,0,0,0,0,0,0,0
72,72,"[28, 12, 878]",6.7,2016-07-07,Star Trek Beyond,185000000.0,158848340.0,335802233.0,150802233.0,-26151660.0,1,1,0,0,0,0,0,0,0,0,0,0,0,0,1,0,0,0,0
73,73,"[18, 878]",7.4,2017-10-04,Blade Runner 2049,185000000.0,92054159.0,259357408.0,74357408.0,-92945841.0,0,0,0,0,0,0,1,0,0,0,0,0,0,0,1,0,0,0,0
74,74,"[12, 35, 14, 10749, 10751]",7.0,2019-05-22,Aladdin,182000000.0,355559216.0,1050693953.0,868693953.0,173559216.0,0,1,0,1,0,0,0,1,1,0,0,0,0,1,0,0,0,0,0
75,75,"[28, 12, 35, 14]",7.5,2017-10-25,Thor: Ragnarok,180000000.0,315058289.0,853958289.0,673958289.0,135058289.0,1,1,0,1,0,0,0,0,1,0,0,0,0,0,0,0,0,0,0
76,76,"[28, 12, 14, 10749, 10751]",7.1,2014-05-28,Maleficent,180000000.0,241407328.0,758536735.0,578536735.0,61407328.0,1,1,0,0,0,0,0,1,1,0,0,0,0,1,0,0,0,0,0
77,77,"[12, 14, 10751]",7.4,2016-11-16,Fantastic Beasts and Where to Find Them,180000000.0,234037575.0,802402853.0,622402853.0,54037575.0,0,1,0,0,0,0,0,1,1,0,0,0,0,0,0,0,0,0,0
78,78,"[16, 878, 10751]",8.0,2008-06-22,WALL-E,180000000.0,223808164.0,532508025.0,352508025.0,43808164.0,0,0,1,0,0,0,0,1,0,0,0,0,0,0,1,0,0,0,0
79,79,"[28, 12]",5.8,2016-06-29,The Legend of Tarzan,180000000.0,126643061.0,348902025.0,168902025.0,-53356939.0,1,1,0,0,0,0,0,0,0,0,0,0,0,0,0,0,0,0,0
80,80,"[12, 18, 10751]",7.1,2011-11-22,Hugo,180000000.0,73864507.0,180047784.0,47784.0,-106135493.0,0,1,0,0,0,0,1,1,0,0,0,0,0,0,0,0,0,0,0
81,81,"[12, 878, 28]",6.6,2017-07-20,Valerian and the City of a Thousand Planets,180000000.0,40479370.0,215098356.0,35098356.0,-139520630.0,1,1,0,0,0,0,0,0,0,0,0,0,0,0,1,0,0,0,0
82,82,"[28, 12, 14, 878]",5.3,2015-02-04,Jupiter Ascending,179000000.0,47482519.0,181982519.0,2982519.0,-131517481.0,1,1,0,0,0,0,0,0,1,0,0,0,0,0,1,0,0,0,0
83,83,"[28, 12]",7.3,2018-07-13,Mission: Impossible—Fallout,178000000.0,220159104.0,787456552.0,609456552.0,42159104.0,1,1,0,0,0,0,0,0,0,0,0,0,0,0,0,0,0,0,0
84,84,"[28, 12, 14, 878]",6.5,2016-05-18,X-Men: Apocalypse,178000000.0,155442489.0,542537546.0,364537546.0,-22557511.0,1,1,0,0,0,0,0,0,1,0,0,0,0,0,1,0,0,0,0
85,85,"[28, 27, 878]",5.9,2018-08-09,The Meg,178000000.0,145443742.0,529530715.0,351530715.0,-32556258.0,1,0,0,0,0,0,0,0,0,0,1,0,0,0,1,0,0,0,0
86,86,"[28, 878]",7.6,2014-05-27,Edge of Tomorrow,178000000.0,100206256.0,370541256.0,192541256.0,-77793744.0,1,0,0,0,0,0,0,0,0,0,0,0,0,0,1,0,0,0,0
87,87,"[28, 12, 878]",7.0,2019-03-06,Captain Marvel,175000000.0,426829839.0,1128274794.0,953274794.0,251829839.0,1,1,0,0,0,0,0,0,0,0,0,0,0,0,1,0,0,0,0
88,88,"[12, 18, 14, 10751]",6.8,2016-04-07,The Jungle Book,175000000.0,364001123.0,962854547.0,787854547.0,189001123.0,0,1,0,0,0,0,1,1,1,0,0,0,0,0,0,0,0,0,0
89,89,"[16, 35, 18, 10751]",7.9,2015-06-09,Inside Out,175000000.0,356461711.0,857561711.0,682561711.0,181461711.0,0,0,1,1,0,0,1,1,0,0,0,0,0,0,0,0,0,0,0
90,90,"[28, 12, 18, 878]",7.4,2017-07-05,Spider-Man: Homecoming,175000000.0,334201140.0,880166350.0,705166350.0,159201140.0,1,1,0,0,0,0,1,0,0,0,0,0,0,0,1,0,0,0,0
91,91,"[28, 12, 80, 14, 878]",5.9,2016-08-03,Suicide Squad,175000000.0,325100054.0,746059887.0,571059887.0,150100054.0,1,1,0,0,1,0,0,0,1,0,0,0,0,0,1,0,0,0,0
92,92,"[12, 16, 35, 10751]",7.9,2009-05-28,Up,175000000.0,293004164.0,731463377.0,556463377.0,118004164.0,0,1,1,1,0,0,0,1,0,0,0,0,0,0,0,0,0,0,0
93,93,"[12, 16, 35, 14, 10751]",8.2,2017-10-27,Coco,175000000.0,209726015.0,807126015.0,632126015.0,34726015.0,0,1,1,1,0,0,0,1,1,0,0,0,0,0,0,0,0,0,0
94,94,"[12, 16, 35, 10751]",7.2,2018-11-20,Ralph Breaks The Internet,175000000.0,201091711.0,529291711.0,354291711.0,26091711.0,0,1,1,1,0,0,0,1,0,0,0,0,0,0,0,0,0,0,0
95,95,"[12, 16, 878, 10751]",6.1,2009-03-19,Monsters vs. Aliens,175000000.0,198351526.0,381687380.0,206687380.0,23351526.0,0,1,1,0,0,0,0,1,0,0,0,0,0,0,1,0,0,0,0
96,96,"[12, 16, 35, 10751]",6.7,2017-06-15,Cars 3,175000000.0,152901115.0,383541369.0,208541369.0,-22098885.0,0,1,1,1,0,0,0,1,0,0,0,0,0,0,0,0,0,0,0
97,97,"[12, 28, 53, 878]",5.7,2009-08-04,G.I. Joe: The Rise of Cobra,175000000.0,150201498.0,302469017.0,127469017.0,-24798502.0,1,1,0,0,0,0,0,0,0,0,0,0,0,0,1,0,1,0,0
98,98,"[28, 12, 14]",5.3,2008-07-01,The Mummy: Tomb of the Dragon Emperor,175000000.0,102491776.0,405760225.0,230760225.0,-72508224.0,1,1,0,0,0,0,0,0,1,0,0,0,0,0,0,0,0,0,0
99,99,"[35, 14, 10751]",5.5,2007-06-09,Evan Almighty,175000000.0,100289690.0,174131329.0,-868671.0,-74710310.0,0,0,0,1,0,0,0,1,1,0,0,0,0,0,0,0,0,0,0
100,100,"[28, 18, 14]",6.5,2017-05-10,King Arthur: Legend of the Sword,175000000.0,39175066.0,139630336.0,-35369664.0,-135824934.0,1,0,0,0,0,0,1,0,1,0,0,0,0,0,0,0,0,0,0
101,101,"[28, 12, 18, 14]",6.0,2013-12-06,47 Ronin,175000000.0,38362475.0,151716815.0,-23283185.0,-136637525.0,1,1,0,0,0,0,1,0,1,0,0,0,0,0,0,0,0,0,0
102,102,"[28, 12, 878]",6.5,2018-06-06,Jurassic World: Fallen Kingdom,170000000.0,417719760.0,1305772799.0,1135772799.0,247719760.0,1,1,0,0,0,0,0,0,0,0,0,0,0,0,1,0,0,0,0
103,103,"[28, 12, 878]",7.9,2014-07-30,Guardians of the Galaxy,170000000.0,333172112.0,772772112.0,602772112.0,163172112.0,1,1,0,0,0,0,0,0,0,0,0,0,0,0,1,0,0,0,0
104,104,"[28, 12, 878]",6.8,2010-04-28,Iron Man 2,170000000.0,312433331.0,621156389.0,451156389.0,142433331.0,1,1,0,0,0,0,0,0,0,0,0,0,0,0,1,0,0,0,0
105,105,"[28, 12, 878]",7.7,2014-03-20,Captain America: The Winter Soldier,170000000.0,259746958.0,714401889.0,544401889.0,89746958.0,1,1,0,0,0,0,0,0,0,0,0,0,0,0,1,0,0,0,0
106,106,"[28, 18, 878, 53]",7.3,2014-06-26,Dawn of the Planet of the Apes,170000000.0,208545589.0,710644566.0,540644566.0,38545589.0,1,0,0,0,0,0,1,0,0,0,0,0,0,0,1,0,1,0,0
107,107,"[12, 14, 18]",5.9,2012-05-30,Snow White and the Huntsman,170000000.0,155136755.0,401021746.0,231021746.0,-14863245.0,0,1,0,0,0,0,1,0,1,0,0,0,0,0,0,0,0,0,0
108,108,"[12, 14, 10751]",6.6,2019-03-27,Dumbo,170000000.0,114766307.0,347866307.0,177866307.0,-55233693.0,0,1,0,0,0,0,0,1,1,0,0,0,0,0,0,0,0,0,0
109,109,"[28, 878]",6.1,2019-05-29,Godzilla: King of the Monsters,170000000.0,110500138.0,383299915.0,213299915.0,-59499862.0,1,0,0,0,0,0,0,0,0,0,0,0,0,0,1,0,0,0,0
110,110,"[12, 9648, 878, 10751]",6.2,2015-05-19,Tomorrowland,170000000.0,93436322.0,206627518.0,36627518.0,-76563678.0,0,1,0,0,0,0,0,1,0,0,0,0,1,0,1,0,0,0,0
111,111,"[28, 12, 878, 53]",6.9,2019-01-31,Alita: Battle Angel,170000000.0,85710210.0,402971268.0,232971268.0,-84289790.0,1,1,0,0,0,0,0,0,0,0,0,0,0,0,1,0,1,0,0
112,112,"[12, 14, 10751]",6.5,2016-05-25,Alice Through the Looking Glass,170000000.0,77042381.0,276928112.0,106928112.0,-92957619.0,0,1,0,0,0,0,0,1,1,0,0,0,0,0,0,0,0,0,0
113,113,"[12, 16, 35, 14, 10751]",6.2,2010-05-16,Shrek Forever After,165000000.0,238736787.0,756244673.0,591244673.0,73736787.0,0,1,1,1,0,0,0,1,1,0,0,0,0,0,0,0,0,0,0
114,114,"[28, 12, 14, 878]",7.4,2016-10-25,Doctor Strange,165000000.0,232641920.0,676404566.0,511404566.0,67641920.0,1,1,0,0,0,0,0,0,1,0,0,0,0,0,1,0,0,0,0
115,115,"[28, 12, 16, 35, 10751]",7.8,2014-10-24,Big Hero 6,165000000.0,222527828.0,652127828.0,487127828.0,57527828.0,1,1,1,1,0,0,0,1,0,0,0,0,0,0,0,0,0,0,0
116,116,"[28, 12, 16, 14, 10751]",9.0,2019-10-25,How to Train Your Dragon,165000000.0,217581232.0,494870992.0,329870992.0,52581232.0,1,1,1,0,0,0,0,1,1,0,0,0,0,0,0,0,0,0,0
117,117,"[12, 16, 35, 10751]",7.3,2012-11-01,Wreck-It Ralph,165000000.0,189412677.0,496511521.0,331511521.0,24412677.0,0,1,1,1,0,0,0,1,0,0,0,0,0,0,0,0,0,0,0
118,118,"[12, 18, 878]",8.3,2014-11-05,Interstellar,165000000.0,188017894.0,665270476.0,500270476.0,23017894.0,0,1,0,0,0,0,1,0,0,0,0,0,0,0,1,0,0,0,0
119,119,"[28, 12, 878]",5.1,2016-06-22,Independence Day: Resurgence,165000000.0,103144286.0,384169424.0,219169424.0,-61855714.0,1,1,0,0,0,0,0,0,0,0,0,0,0,0,1,0,0,0,0
120,120,"[28, 878, 53, 37]",5.5,2011-07-29,Cowboys and Aliens,163000000.0,100368560.0,176038324.0,13038324.0,-62631440.0,1,0,0,0,0,0,0,0,0,0,0,0,0,0,1,0,1,0,1
121,121,"[16, 14, 10749, 10751]",7.7,1991-11-13,Beauty and the Beast,160000000.0,504014165.0,1263521126.0,1103521126.0,344014165.0,0,0,1,0,0,0,0,1,1,0,0,0,0,1,0,0,0,0,0
122,122,"[28, 12, 14]",6.8,2018-12-07,Aquaman,160000000.0,335061807.0,1146894640.0,986894640.0,175061807.0,1,1,0,0,0,0,0,0,1,0,0,0,0,0,0,0,0,0,0
123,123,"[12, 16, 35, 14, 10751]",6.2,2007-05-17,Shrek the Third,160000000.0,322719944.0,807330936.0,647330936.0,162719944.0,0,1,1,1,0,0,0,1,1,0,0,0,0,0,0,0,0,0,0
124,124,"[28, 12, 878]",8.3,2010-07-15,Inception,160000000.0,292576195.0,835524642.0,675524642.0,132576195.0,1,1,0,0,0,0,0,0,0,0,0,0,0,0,1,0,0,0,0
125,125,"[28, 12, 878]",6.8,2015-11-18,The Hunger Games: Mockingjay - Part 2,160000000.0,281723902.0,648986787.0,488986787.0,121723902.0,1,1,0,0,0,0,0,0,0,0,0,0,0,0,1,0,0,0,0
126,126,"[28, 80, 53]",6.8,2013-05-21,Fast and Furious 6,160000000.0,238679850.0,789300444.0,629300444.0,78679850.0,1,0,0,0,1,0,0,0,0,0,0,0,0,0,0,0,1,0,0
127,127,"[28, 18, 878]",6.1,2014-05-14,Godzilla,160000000.0,200676069.0,529076069.0,369076069.0,40676069.0,1,0,0,0,0,0,1,0,0,0,0,0,0,0,1,0,0,0,0
128,128,"[28, 12, 878]",7.3,2011-06-01,X-Men: First Class,160000000.0,146408305.0,355408305.0,195408305.0,-13591695.0,1,1,0,0,0,0,0,0,0,0,0,0,0,0,1,0,0,0,0
129,129,"[18, 14, 9648, 53, 10749]",7.5,2008-12-25,The Curious Case of Benjamin Button,160000000.0,127509326.0,329631958.0,169631958.0,-32490674.0,0,0,0,0,0,0,1,0,1,0,0,0,1,1,0,0,1,0,0
130,130,"[28, 12, 35, 18, 14]",6.0,2010-07-13,The Sorcerer's Apprentice,160000000.0,63150991.0,217986320.0,57986320.0,-96849009.0,1,1,0,1,0,0,1,0,1,0,0,0,0,0,0,0,0,0,0
131,131,"[12, 28, 18, 53]",5.7,2006-05-12,Poseidon,160000000.0,60674817.0,181674817.0,21674817.0,-99325183.0,1,1,0,0,0,0,1,0,0,0,0,0,0,0,0,0,1,0,0
132,132,"[28, 12, 14]",6.3,2016-05-25,Warcraft,160000000.0,47365290.0,438899824.0,278899824.0,-112634710.0,1,1,0,0,0,0,0,0,1,0,0,0,0,0,0,0,0,0,0
133,133,"[28, 18]",6.7,2016-09-29,Deepwater Horizon,156000000.0,61433527.0,122603824.0,-33396176.0,-94566473.0,1,0,0,0,0,0,1,0,0,0,0,0,0,0,0,0,0,0,0
134,134,"[28, 12, 878, 53]",5.9,2015-06-23,Terminator: Genisys,155000000.0,89760956.0,432150894.0,277150894.0,-65239044.0,1,1,0,0,0,0,0,0,0,0,0,0,0,0,1,0,1,0,0
135,135,"[28, 14, 878, 12]",5.9,2018-03-21,Pacific Rim: Uprising,155000000.0,59874525.0,290930148.0,135930148.0,-95125475.0,1,1,0,0,0,0,0,0,1,0,0,0,0,0,1,0,0,0,0
136,136,"[18, 878, 10752]",7.0,2017-07-11,War for the Planet of the Apes,152000000.0,146880162.0,489592267.0,337592267.0,-5119838.0,0,0,0,0,0,0,1,0,0,0,0,0,0,0,1,0,0,1,0
137,137,"[28, 878, 53, 12]",6.0,2017-06-16,Transformers,151000000.0,319246193.0,708272592.0,557272592.0,168246193.0,1,1,0,0,0,0,0,0,0,0,0,0,0,0,1,0,1,0,0
138,138,"[28, 12, 14]",7.3,2017-05-30,Wonder Woman,150000000.0,412563408.0,821133378.0,671133378.0,262563408.0,1,1,0,0,0,0,0,0,1,0,0,0,0,0,0,0,0,0,0
139,139,"[16, 10402, 10751]",7.1,2019-11-20,Frozen,150000000.0,400738009.0,1272469910.0,1122469910.0,250738009.0,0,0,1,0,0,0,0,1,0,0,0,1,0,0,0,0,0,0,0
140,140,"[12, 16, 35, 10751]",7.7,2016-02-11,Zootopia,150000000.0,341268248.0,1036368248.0,886368248.0,191268248.0,0,1,1,1,0,0,0,1,0,0,0,0,0,0,0,0,0,0,0
141,141,"[12, 14, 9648]",7.6,2007-06-28,Harry Potter and the Order of the Phoenix,150000000.0,292137260.0,943076457.0,793076457.0,142137260.0,0,1,0,0,0,0,0,0,1,0,0,0,1,0,0,0,0,0,0
142,142,"[28, 18, 27, 878, 53]",7.1,2007-12-14,I am Legend,150000000.0,256393010.0,585532684.0,435532684.0,106393010.0,1,0,0,0,0,0,1,0,0,0,1,0,0,0,1,0,1,0,0
143,143,"[12, 16, 35, 10751]",7.5,2016-11-23,Moana,150000000.0,248757044.0,637517365.0,487517365.0,98757044.0,0,1,1,1,0,0,0,1,0,0,0,0,0,0,0,0,0,0,0
144,144,"[28, 14]",6.3,2008-07-01,Hancock,150000000.0,227946274.0,624234272.0,474234272.0,77946274.0,1,0,0,0,0,0,0,0,1,0,0,0,0,0,0,0,0,0,0
145,145,"[16, 35, 10751, 14]",7.7,2007-06-22,Ratatouille,150000000.0,206445654.0,626549695.0,476549695.0,56445654.0,0,0,1,1,0,0,0,1,1,0,0,0,0,0,0,0,0,0,0
146,146,"[28, 12, 14]",6.6,2013-10-29,Thor: The Dark World,150000000.0,206362140.0,644602516.0,494602516.0,56362140.0,1,1,0,0,0,0,0,0,1,0,0,0,0,0,0,0,0,0,0
147,147,"[28, 12]",7.1,2015-07-23,Mission: Impossible—Rogue Nation,150000000.0,195042377.0,688858992.0,538858992.0,45042377.0,1,1,0,0,0,0,0,0,0,0,0,0,0,0,0,0,0,0,0
148,148,"[10752, 28, 18]",7.4,2017-07-19,Dunkirk,150000000.0,190068280.0,499837368.0,349837368.0,40068280.0,1,0,0,0,0,0,1,0,0,0,0,0,0,0,0,0,0,1,0
149,149,"[28, 12, 14]",6.7,2011-04-21,Thor,150000000.0,181030624.0,449326618.0,299326618.0,31030624.0,1,1,0,0,0,0,0,0,1,0,0,0,0,0,0,0,0,0,0
150,150,"[10751, 16, 35]",6.4,2008-10-30,Madagascar: Escape 2 Africa,150000000.0,180174880.0,599680774.0,449680774.0,30174880.0,0,0,1,1,0,0,0,1,0,0,0,0,0,0,0,0,0,0,0
151,151,"[12, 28, 53, 878]",6.2,2009-04-28,X-Men Origins: Wolverine,150000000.0,179883157.0,374825760.0,224825760.0,29883157.0,1,1,0,0,0,0,0,0,0,0,0,0,0,0,1,0,1,0,0
152,152,"[28, 12, 35, 14, 10751]",6.0,2009-05-20,Night at the Museum: Battle of the Smithsonian,150000000.0,177243721.0,402231063.0,252231063.0,27243721.0,1,1,0,1,0,0,0,1,1,0,0,0,0,0,0,0,0,0,0
153,153,"[16, 10751]",6.8,2011-05-25,Kung Fu Panda 2,150000000.0,165249063.0,664837547.0,514837547.0,15249063.0,0,0,1,0,0,0,0,1,0,0,0,0,0,0,0,0,0,0,0
154,154,"[28, 12, 878]",7.5,2015-05-13,Mad Max: Fury Road,150000000.0,153636354.0,370098020.0,220098020.0,3636354.0,1,1,0,0,0,0,0,0,0,0,0,0,0,0,1,0,0,0,0
155,155,"[28, 12, 14]",6.9,2019-05-03,Pokémon: Detective Pikachu,150000000.0,144105346.0,429685022.0,279685022.0,-5894654.0,1,1,0,0,0,0,0,0,1,0,0,0,0,0,0,0,0,0,0
156,156,"[12, 878]",7.6,2018-03-28,Ready Player One,150000000.0,137690172.0,579290136.0,429290136.0,-12309828.0,0,1,0,0,0,0,0,0,0,0,0,0,0,0,1,0,0,0,0
157,157,"[12, 28, 53]",6.6,2006-05-03,Mission: Impossible III,150000000.0,133501348.0,399387745.0,249387745.0,-16498652.0,1,1,0,0,0,0,0,0,0,0,0,0,0,0,0,0,1,0,0
158,158,"[28, 12, 35]",6.3,2019-11-14,Angels & Demons,150000000.0,133375846.0,490875846.0,340875846.0,-16624154.0,1,1,0,1,0,0,0,0,0,0,0,0,0,0,0,0,0,0,0
159,159,"[28, 12, 14, 10751]",4.6,2010-06-30,The Last Airbender,150000000.0,131772187.0,319713881.0,169713881.0,-18227813.0,1,1,0,0,0,0,0,1,1,0,0,0,0,0,0,0,0,0,0
160,160,"[12, 16, 35, 10751]",5.9,2007-10-28,Bee Movie,150000000.0,126631277.0,287594577.0,137594577.0,-23368723.0,0,1,1,1,0,0,0,1,0,0,0,0,0,0,0,0,0,0,0
161,161,"[28, 12, 35, 14, 10751]",5.2,2009-07-21,G-Force,150000000.0,119436770.0,292817841.0,142817841.0,-30563230.0,1,1,0,1,0,0,0,1,1,0,0,0,0,0,0,0,0,0,0
162,162,"[12, 16, 35, 10751]",6.4,2008-01-29,Bolt,150000000.0,114053579.0,328015029.0,178015029.0,-35946421.0,0,1,1,1,0,0,0,1,0,0,0,0,0,0,0,0,0,0,0
163,163,"[12, 14]",5.6,2012-03-27,Wrath of the Titans,150000000.0,83670083.0,305270083.0,155270083.0,-66329917.0,0,1,0,0,0,0,0,0,1,0,0,0,0,0,0,0,0,0,0
164,164,"[12, 28, 16]",5.7,2007-11-05,Beowulf,150000000.0,82280579.0,195080579.0,45080579.0,-67719421.0,1,1,1,0,0,0,0,0,0,0,0,0,0,0,0,0,0,0,0
165,165,"[35, 14]",5.9,2012-05-08,Dark Shadows,150000000.0,79727149.0,238202668.0,88202668.0,-70272851.0,0,0,0,1,0,0,0,0,1,0,0,0,0,0,0,0,0,0,0
166,166,"[28, 18, 53]",6.4,2013-06-27,White House Down,150000000.0,73103784.0,205440387.0,55440387.0,-76896216.0,1,0,0,0,0,0,1,0,0,0,0,0,0,0,0,0,1,0,0
167,167,[27],5.7,2010-02-11,The Wolfman,150000000.0,62189884.0,142634358.0,-7365642.0,-87810116.0,0,0,0,0,0,0,0,0,0,0,1,0,0,0,0,0,0,0,0
168,168,"[28, 12, 14]",5.8,2016-12-16,The Great Wall,150000000.0,45157105.0,334486852.0,184486852.0,-104842895.0,1,1,0,0,0,0,0,0,1,0,0,0,0,0,0,0,0,0,0
169,169,"[12, 16, 14, 10751]",7.2,1953-02-05,Pan,150000000.0,35088320.0,151525973.0,1525973.0,-114911680.0,0,1,1,0,0,0,0,1,1,0,0,0,0,0,0,0,0,0,0
170,170,"[12, 16, 10751]",5.7,2011-03-09,Mars Needs Moms,150000000.0,21392758.0,39549758.0,-110450242.0,-128607242.0,0,1,1,0,0,0,0,1,0,0,0,0,0,0,0,0,0,0,0
171,171,"[12, 16, 35, 10751]",6.1,2006-10-22,Flushed Away,149000000.0,64665672.0,179357126.0,30357126.0,-84334328.0,0,1,1,1,0,0,0,1,0,0,0,0,0,0,0,0,0,0,0
172,172,"[16, 35, 10751]",6.5,2012-06-06,Madagascar 3: Europe's Most Wanted,145000000.0,216391482.0,746921271.0,601921271.0,71391482.0,0,0,1,1,0,0,0,1,0,0,0,0,0,0,0,0,0,0,0
173,173,"[28, 12, 53]",7.0,2011-12-07,Mission: Impossible—Ghost Protocol,145000000.0,209397903.0,694713230.0,549713230.0,64397903.0,1,1,0,0,0,0,0,0,0,0,0,0,0,0,0,0,1,0,0
174,174,"[28, 12, 16, 35, 14, 10751]",7.7,2014-06-09,How to Train Your Dragon 2,145000000.0,177002924.0,614586270.0,469586270.0,32002924.0,1,1,1,1,0,0,0,1,1,0,0,0,0,0,0,0,0,0,0
175,175,"[12, 16, 10751]",6.6,2014-02-07,Mr. Peabody & Sherman,145000000.0,111506430.0,269806430.0,124806430.0,-33493570.0,0,1,1,0,0,0,0,1,0,0,0,0,0,0,0,0,0,0,0
176,176,"[16, 14, 10751]",7.3,2012-11-21,Rise of the Guardians,145000000.0,103412758.0,306900902.0,161900902.0,-41587242.0,0,0,1,0,0,0,0,1,1,0,0,0,0,0,0,0,0,0,0
177,177,"[28, 35, 14]",5.4,2016-07-14,Ghostbusters,144000000.0,128350574.0,229008658.0,85008658.0,-15649426.0,1,0,0,1,0,0,0,0,1,0,0,0,0,0,0,0,0,0,0
178,178,"[28, 12, 878]",7.4,2009-05-06,Star Trek,140000000.0,257730019.0,386839614.0,246839614.0,117730019.0,1,1,0,0,0,0,0,0,0,0,0,0,0,0,1,0,0,0,0
179,179,"[28, 12, 878]",6.9,2011-07-22,Captain America: The First Avenger,140000000.0,176654505.0,370569776.0,230569776.0,36654505.0,1,1,0,0,0,0,0,0,0,0,0,0,0,0,1,0,0,0,0
180,180,"[28, 12, 16, 35, 10751]",6.7,2016-01-23,Kung Fu Panda 3,140000000.0,143528619.0,517599142.0,377599142.0,3528619.0,1,1,1,1,0,0,0,1,0,0,0,0,0,0,0,0,0,0,0
181,181,"[28, 12, 878, 53]",5.5,2013-03-26,G.I. Joe: Retaliation,140000000.0,122523060.0,375740705.0,235740705.0,-17476940.0,1,1,0,0,0,0,0,0,0,0,0,0,0,0,1,0,1,0,0
182,182,"[28, 12, 18]",5.8,2014-12-03,Exodus: Gods and Kings,140000000.0,65014513.0,268314513.0,128314513.0,-74985487.0,1,1,0,0,0,0,1,0,0,0,0,0,0,0,0,0,0,0,0
183,183,"[12, 14, 10751]",6.2,2016-06-01,The BFG,140000000.0,55483770.0,199646680.0,59646680.0,-84516230.0,0,1,0,0,0,0,0,1,1,0,0,0,0,0,0,0,0,0,0
184,184,"[28, 12, 14]",5.4,2016-02-25,Gods of Egypt,140000000.0,31153464.0,138836756.0,-1163244.0,-108846536.0,1,1,0,0,0,0,0,0,1,0,0,0,0,0,0,0,0,0,0
185,185,"[28, 9648, 878]",7.3,2009-03-05,Watchmen,138000000.0,107509799.0,186976250.0,48976250.0,-30490201.0,1,0,0,0,0,0,0,0,0,0,0,0,1,0,1,0,0,0,0
186,186,"[28, 12, 878]",6.2,2008-06-12,The Incredible Hulk,137500000.0,134806913.0,265573859.0,128073859.0,-2693087.0,1,1,0,0,0,0,0,0,0,0,0,0,0,0,1,0,0,0,0
187,187,"[12, 18, 14, 10749]",6.3,2012-11-13,"The Twilight Saga: Breaking Dawn, Part 2",136200000.0,292324737.0,829724737.0,693524737.0,156124737.0,0,1,0,0,0,0,1,0,1,0,0,0,0,1,0,0,0,0,0
188,188,"[28, 12, 16, 35, 14, 10751]",6.8,2013-03-20,The Croods,135000000.0,187168425.0,573068425.0,438068425.0,52168425.0,1,1,1,1,0,0,0,1,1,0,0,0,0,0,0,0,0,0,0
189,189,"[37, 18, 12]",7.5,2015-12-25,The Revenant,135000000.0,183637894.0,532938302.0,397938302.0,48637894.0,0,1,0,0,0,0,1,0,0,0,0,0,0,0,0,0,0,0,1
190,190,"[12, 16, 35, 37, 10751]",6.6,2011-03-02,Rango,135000000.0,123477607.0,245724600.0,110724600.0,-11522393.0,0,1,1,1,0,0,0,1,0,0,0,0,0,0,0,0,0,0,1
191,191,"[16, 10751]",6.1,2013-07-11,Turbo,135000000.0,83028130.0,286896578.0,151896578.0,-51971870.0,0,0,1,0,0,0,0,1,0,0,0,0,0,0,0,0,0,0,0
192,192,"[28, 12, 35, 878, 10751]",5.9,2016-06-01,Teenage Mutant Ninja Turtles: Out of the Shadows,135000000.0,82051601.0,245328374.0,110328374.0,-52948399.0,1,1,0,1,0,0,0,1,0,0,0,0,0,0,1,0,0,0,0
193,193,"[16, 35, 10751]",6.0,2011-11-17,Happy Feet Two,135000000.0,64006466.0,157956466.0,22956466.0,-70993534.0,0,0,1,1,0,0,0,1,0,0,0,0,0,0,0,0,0,0,0
194,194,"[28, 12, 80, 53]",5.9,2006-07-27,Miami Vice,135000000.0,63478838.0,163818556.0,28818556.0,-71521162.0,1,1,0,0,1,0,0,0,0,0,0,0,0,0,0,0,1,0,0
195,195,"[12, 14, 10751]",6.0,2018-10-26,The Nutcracker and the Four Realms,132900000.0,54858851.0,170293899.0,37393899.0,-78041149.0,0,1,0,0,0,0,0,1,1,0,0,0,0,0,0,0,0,0,0
196,196,"[28, 18, 9648, 53]",7.4,2007-08-03,The Bourne Ultimatum,130000000.0,227471070.0,444043396.0,314043396.0,97471070.0,1,0,0,0,0,0,1,0,0,0,0,0,1,0,0,0,1,0,0
197,197,"[28, 12, 35, 878]",7.0,2018-07-04,Ant-Man and the Wasp,130000000.0,216648740.0,623144660.0,493144660.0,86648740.0,1,1,0,1,0,0,0,0,0,0,0,0,0,0,1,0,0,0,0
198,198,"[12, 16, 35, 10751]",7.1,2008-06-04,Kung Fu Panda,130000000.0,215434591.0,631910531.0,501910531.0,85434591.0,0,1,1,1,0,0,0,1,0,0,0,0,0,0,0,0,0,0,0
199,199,"[28, 12, 878]",7.1,2015-07-14,Ant-Man,130000000.0,180202163.0,518858449.0,388858449.0,50202163.0,1,1,0,0,0,0,0,0,0,0,0,0,0,0,1,0,0,0,0
200,200,"[28, 12, 878]",7.6,2019-06-28,Home,130000000.0,177397510.0,385997896.0,255997896.0,47397510.0,1,1,0,0,0,0,0,0,0,0,0,0,0,0,1,0,0,0,0
201,201,"[35, 14, 10751]",6.6,2018-12-13,Mary Poppins Returns,130000000.0,171958438.0,349558438.0,219558438.0,41958438.0,0,0,0,1,0,0,0,1,1,0,0,0,0,0,0,0,0,0,0
202,202,"[28, 12, 16, 35, 14, 10751]",6.3,2011-10-28,Puss in Boots,130000000.0,149260504.0,554987477.0,424987477.0,19260504.0,1,1,1,1,0,0,0,1,1,0,0,0,0,0,0,0,0,0,0
203,203,"[28, 16, 35, 878, 10751]",6.8,2010-10-28,Megamind,130000000.0,148415853.0,321887208.0,191887208.0,18415853.0,1,0,1,1,0,0,0,1,0,0,0,0,0,0,1,0,0,0,0
204,204,"[12, 16, 35, 10751]",6.3,2014-03-19,Rio 2,130000000.0,131538435.0,492846291.0,362846291.0,1538435.0,0,1,1,1,0,0,0,1,0,0,0,0,0,0,0,0,0,0,0
205,205,"[28, 9648, 53]",6.3,2010-07-21,Salt,130000000.0,118311368.0,290650494.0,160650494.0,-11688632.0,1,0,0,0,0,0,0,0,0,0,0,0,1,0,0,0,1,0,0
206,206,"[12, 18]",5.6,2014-03-07,Noah,130000000.0,101200044.0,352831065.0,222831065.0,-28799956.0,0,1,0,0,0,0,1,0,0,0,0,0,0,0,0,0,0,0,0
207,207,"[12, 16, 9648]",6.8,2011-10-25,The Adventures of Tintin,130000000.0,77591831.0,373993951.0,243993951.0,-52408169.0,0,1,1,0,0,0,0,0,0,0,0,0,1,0,0,0,0,0,0
208,208,"[28, 12, 878]",5.1,2013-05-30,After Earth,130000000.0,60522097.0,251499665.0,121499665.0,-69477903.0,1,1,0,0,0,0,0,0,0,0,0,0,0,0,1,0,0,0,0
209,209,"[12, 18, 10749]",6.5,2008-11-18,Australia,130000000.0,49554002.0,215080810.0,85080810.0,-80445998.0,0,1,0,0,0,0,1,0,0,0,0,0,0,1,0,0,0,0,0
210,210,"[28, 35, 80, 14]",5.6,2013-07-18,R.I.P.D.,130000000.0,33618855.0,79076678.0,-50923322.0,-96381145.0,1,0,0,1,1,0,0,0,1,0,0,0,0,0,0,0,0,0,0
211,211,"[12, 16, 10751]",7.7,2019-01-03,How to Train Your Dragon: The Hidden World,129000000.0,160799505.0,518911672.0,389911672.0,31799505.0,0,1,1,0,0,0,0,1,0,0,0,0,0,0,0,0,0,0,0
212,212,"[12, 14, 10749]",6.0,2011-03-15,"The Twilight Saga: Breaking Dawn, Part 1",127500000.0,281287133.0,689420051.0,561920051.0,153787133.0,0,1,0,0,0,0,0,0,1,0,0,0,0,1,0,0,0,0,0
213,213,"[28, 18, 878]",7.8,2017-02-28,Logan,127000000.0,226277068.0,615461394.0,488461394.0,99277068.0,1,0,0,0,0,0,1,0,0,0,0,0,0,0,1,0,0,0,0
214,214,"[12, 35, 14, 10751]",6.1,2014-12-17,Night at the Museum: Secret of the Tomb,127000000.0,113746621.0,353756621.0,226756621.0,-13253379.0,0,1,0,1,0,0,0,1,1,0,0,0,0,0,0,0,0,0,0
215,215,"[12, 14]",8.1,2011-07-07,Harry Potter and the Deathly Hallows: Part II,125000000.0,381193157.0,1341693157.0,1216693157.0,256193157.0,0,1,0,0,0,0,0,0,1,0,0,0,0,0,0,0,0,0,0
216,216,"[878, 12, 53]",6.8,2014-11-18,The Hunger Games: Mockingjay - Part 1,125000000.0,337135885.0,766575131.0,641575131.0,212135885.0,0,1,0,0,0,0,0,0,0,0,0,0,0,0,1,0,1,0,0
217,217,"[12, 14]",7.8,2010-10-17,Harry Potter and the Deathly Hallows: Part I,125000000.0,296131568.0,960431568.0,835431568.0,171131568.0,0,1,0,0,0,0,0,0,1,0,0,0,0,0,0,0,0,0,0
218,218,"[9648, 53]",6.6,2006-05-17,The Da Vinci Code,125000000.0,217536138.0,767820459.0,642820459.0,92536138.0,0,0,0,0,0,0,0,0,0,0,0,0,1,0,0,0,1,0,0
219,219,"[28, 80, 53]",7.2,2011-04-20,Fast Five,125000000.0,210031325.0,630163454.0,505163454.0,85031325.0,1,0,0,0,1,0,0,0,0,0,0,0,0,0,0,0,1,0,0
220,220,"[28, 12, 35, 14, 878]",5.8,2014-08-07,Teenage Mutant Ninja Turtles,125000000.0,191204754.0,485004754.0,360004754.0,66204754.0,1,1,0,1,0,0,0,0,1,0,0,0,0,0,1,0,0,0,0
221,221,"[28, 12, 80, 9648]",7.1,2011-11-22,Sherlock Holmes: A Game of Shadows,125000000.0,186848418.0,535663443.0,410663443.0,61848418.0,1,1,0,0,1,0,0,0,0,0,0,0,1,0,0,0,0,0,0
222,222,"[12, 16, 35, 14, 10751]",0.0,2021-03-24,The Boss Baby,125000000.0,175003033.0,510878762.0,385878762.0,50003033.0,0,1,1,1,0,0,0,1,1,0,0,0,0,0,0,0,0,0,0
223,223,"[28, 12, 14]",5.7,2010-04-01,Clash of the Titans,125000000.0,163214888.0,493214888.0,368214888.0,38214888.0,1,1,0,0,0,0,0,0,1,0,0,0,0,0,0,0,0,0,0
224,224,"[12, 16, 35, 14, 10402, 10751]",6.6,2016-10-13,Trolls,125000000.0,153707064.0,344150134.0,219150134.0,28707064.0,0,1,1,1,0,0,0,1,1,0,0,1,0,0,0,0,0,0,0
225,225,"[12, 9648, 878]",6.4,2012-05-30,Prometheus,125000000.0,126477084.0,402448265.0,277448265.0,1477084.0,0,1,0,0,0,0,0,0,0,0,0,0,1,0,1,0,0,0,0
226,226,"[28, 53]",6.1,2012-08-08,The Bourne Legacy,125000000.0,113203870.0,280355920.0,155355920.0,-11796130.0,1,0,0,0,0,0,0,0,0,0,0,0,0,0,0,0,1,0,0
227,227,[28],6.1,2018-07-11,Skyscraper,125000000.0,68420120.0,304115534.0,179115534.0,-56579880.0,1,0,0,0,0,0,0,0,0,0,0,0,0,0,0,0,0,0,0
228,228,"[28, 12, 878]",7.2,1990-06-01,Total Recall,125000000.0,58877969.0,211856088.0,86856088.0,-66122031.0,1,1,0,0,0,0,0,0,0,0,0,0,0,0,1,0,0,0,0
229,229,"[28, 12, 878]",5.4,2016-12-21,Assassin’s Creed,125000000.0,54647948.0,240759682.0,115759682.0,-70352052.0,1,1,0,0,0,0,0,0,0,0,0,0,0,0,1,0,0,0,0
230,230,"[28, 35, 878]",5.9,2016-12-26,Monster Trucks,125000000.0,33370166.0,61642798.0,-63357202.0,-91629834.0,1,0,0,1,0,0,0,0,0,0,0,0,0,0,1,0,0,0,0
231,231,"[28, 53]",6.2,2016-07-27,Jason Bourne,120000000.0,162192920.0,416168316.0,296168316.0,42192920.0,1,0,0,0,0,0,0,0,0,0,0,0,0,0,0,0,1,0,0
232,232,"[12, 14, 28, 53]",5.5,2007-06-13,Fantastic Four: Rise of the Silver Surfer,120000000.0,131921738.0,289480691.0,169480691.0,11921738.0,1,1,0,0,0,0,0,0,1,0,0,0,0,0,0,0,1,0,0
233,233,"[12, 18, 28]",7.3,2012-11-20,Life of Pi,120000000.0,124987022.0,620912003.0,500912003.0,4987022.0,1,1,0,0,0,0,1,0,0,0,0,0,0,0,0,0,0,0,0
234,234,"[28, 14, 27, 53]",5.4,2007-02-16,Ghost Rider,120000000.0,115802596.0,229545589.0,109545589.0,-4197404.0,1,0,0,0,0,0,0,0,1,0,1,0,0,0,0,0,1,0,0
235,235,"[28, 12, 14, 878]",6.2,2018-04-12,Rampage,120000000.0,101028233.0,428056280.0,308056280.0,-18971767.0,1,1,0,0,0,0,0,0,1,0,0,0,0,0,1,0,0,0,0
236,236,"[28, 18, 878, 53]",6.4,2013-08-07,Elysium,120000000.0,93050117.0,286192091.0,166192091.0,-26949883.0,1,0,0,0,0,0,1,0,0,0,0,0,0,0,1,0,1,0,0
237,237,"[28, 12, 9648, 878]",6.5,2013-04-10,Oblivion,120000000.0,89107235.0,287916633.0,167916633.0,-30892765.0,1,1,0,0,0,0,0,0,0,0,0,0,1,0,1,0,0,0,0
238,238,"[28, 12, 878]",6.2,2017-03-23,Power Rangers,120000000.0,85364450.0,142531552.0,22531552.0,-34635550.0,1,1,0,0,0,0,0,0,0,0,0,0,0,0,1,0,0,0,0
239,239,"[28, 878]",5.8,2014-01-30,RoboCop,120000000.0,58607007.0,242981799.0,122981799.0,-61392993.0,1,0,0,0,0,0,0,0,0,0,0,0,0,0,1,0,0,0,0
240,240,"[28, 878, 12]",4.6,1994-01-01,The Fantastic Four,120000000.0,56117548.0,167849187.0,47849187.0,-63882452.0,1,1,0,0,0,0,0,0,0,0,0,0,0,0,1,0,0,0,0
241,241,"[28, 12, 35, 10751]",5.8,2008-05-07,Speed Racer,120000000.0,43945766.0,93394462.0,-26605538.0,-76054234.0,1,1,0,1,0,0,0,1,0,0,0,0,0,0,0,0,0,0,0
242,242,"[35, 18, 10749]",5.1,2010-12-17,How Do You Know?,120000000.0,30212620.0,49628177.0,-70371823.0,-89787380.0,0,0,0,1,0,0,1,0,0,0,0,0,0,1,0,0,0,0,0
243,243,"[28, 35]",6.1,2010-06-15,Knight and Day,117000000.0,76423035.0,258751370.0,141751370.0,-40576965.0,1,0,0,1,0,0,0,0,0,0,0,0,0,0,0,0,0,0,0
244,244,"[28, 878]",6.6,2018-09-28,Venom,116000000.0,213511408.0,853628605.0,737628605.0,97511408.0,1,0,0,0,0,0,0,0,0,0,0,0,0,0,1,0,0,0,0
245,245,"[28, 878, 12, 14]",6.3,2013-07-23,The Wolverine,115000000.0,132556852.0,416456852.0,301456852.0,17556852.0,1,1,0,0,0,0,0,0,1,0,0,0,0,0,1,0,0,0,0
246,246,"[28, 12, 18]",6.2,2016-04-06,The Huntsman: Winter’s War,115000000.0,48003015.0,165149302.0,50149302.0,-66996985.0,1,1,0,0,0,0,1,0,0,0,0,0,0,0,0,0,0,0,0
247,247,"[12, 35, 14, 10751]",5.1,2008-01-13,Astérix aux Jeux Olympiques,113500000.0,999811.0,132999811.0,19499811.0,-112500189.0,0,1,0,1,0,0,0,1,1,0,0,0,0,0,0,0,0,0,0
248,248,"[12, 35, 14, 10751]",5.1,2010-12-25,Gulliver's Travels,112000000.0,42779261.0,232017848.0,120017848.0,-69220739.0,0,1,0,1,0,0,0,1,1,0,0,0,0,0,0,0,0,0,0
249,249,"[16, 10751, 12, 35]",7.1,2017-12-09,Ferdinand,111000000.0,84410380.0,289838913.0,178838913.0,-26589620.0,0,1,1,1,0,0,0,1,0,0,0,0,0,0,0,0,0,0,0
250,250,"[28, 12, 35]",7.5,2018-05-10,Deadpool 2,110000000.0,324591735.0,786680557.0,676680557.0,214591735.0,1,1,0,1,0,0,0,0,0,0,0,0,0,0,0,0,0,0,0
251,251,"[18, 878, 53]",7.2,2013-10-03,Gravity,110000000.0,274092705.0,693698673.0,583698673.0,164092705.0,0,0,0,0,0,0,1,0,0,0,0,0,0,0,1,0,1,0,0
252,252,"[28, 12, 35, 14, 10751]",6.5,2006-10-20,Night at the Museum,110000000.0,250863268.0,579446407.0,469446407.0,140863268.0,1,1,0,1,0,0,0,1,1,0,0,0,0,0,0,0,0,0,0
253,253,"[28, 18, 53]",6.1,2015-05-27,San Andreas,110000000.0,155190832.0,456258539.0,346258539.0,45190832.0,1,0,0,0,0,0,1,0,0,0,0,0,0,0,0,0,1,0,0
254,254,"[12, 16, 35, 14, 10751]",5.7,2011-07-29,The Smurfs,110000000.0,142614158.0,563749323.0,453749323.0,32614158.0,0,1,1,1,0,0,0,1,1,0,0,0,0,0,0,0,0,0,0
255,255,"[28, 53]",6.5,2007-06-20,Live Free or Die Hard,110000000.0,134529403.0,382288147.0,272288147.0,24529403.0,1,0,0,0,0,0,0,0,0,0,0,0,0,0,0,0,1,0,0
256,256,"[28, 12, 878, 53]",6.3,2015-03-18,The Divergent Series: Insurgent,110000000.0,130179072.0,295075882.0,185075882.0,20179072.0,1,1,0,0,0,0,0,0,0,0,0,0,0,0,1,0,1,0,0
257,257,"[28, 14, 10752]",6.0,2014-03-05,300: Rise of an Empire,110000000.0,106580051.0,330780051.0,220780051.0,-3419949.0,1,0,0,0,0,0,0,0,1,0,0,0,0,0,0,0,0,1,0
258,258,"[18, 878, 10749]",6.9,2016-12-21,Passengers,110000000.0,100014699.0,302239672.0,192239672.0,-9985301.0,0,0,0,0,0,0,1,0,0,0,0,0,0,1,1,0,0,0,0
259,259,"[28, 80, 35]",5.5,2011-01-12,The Green Hornet,110000000.0,98780042.0,229155503.0,119155503.0,-11219958.0,1,0,0,1,1,0,0,0,0,0,0,0,0,0,0,0,0,0,0
260,260,"[12, 18, 14, 10751]",6.7,2016-09-28,Miss Peregrine’s Home for Peculiar Children,110000000.0,87242834.0,295986876.0,185986876.0,-22757166.0,0,1,0,0,0,0,1,1,1,0,0,0,0,0,0,0,0,0,0
261,261,"[28, 18, 878]",6.8,2011-09-28,Real Steel,110000000.0,85463309.0,263880341.0,153880341.0,-24536691.0,1,0,0,0,0,0,1,0,0,0,0,0,0,0,1,0,0,0,0
262,262,"[28, 12, 35, 80, 53]",6.3,2010-06-10,The A-Team,110000000.0,77222099.0,177241171.0,67241171.0,-32777901.0,1,1,0,1,1,0,0,0,0,0,0,0,0,0,0,0,1,0,0
263,263,"[16, 35, 14, 10751]",5.7,2013-07-30,The Smurfs 2,110000000.0,71017784.0,348547523.0,238547523.0,-38982216.0,0,0,1,1,0,0,0,1,1,0,0,0,0,0,0,0,0,0,0
264,264,"[12, 878, 28, 9648]",6.0,2016-03-09,The Divergent Series: Allegiant,110000000.0,66184051.0,172022517.0,62022517.0,-43815949.0,1,1,0,0,0,0,0,0,0,0,0,0,1,0,1,0,0,0,0
265,265,"[53, 80, 28]",6.3,2009-06-11,The Taking of Pelham 123,110000000.0,65452312.0,152364370.0,42364370.0,-44547688.0,1,0,0,0,1,0,0,0,0,0,0,0,0,0,0,0,1,0,0
266,266,"[28, 12, 878]",6.6,2013-10-23,Ender's Game,110000000.0,61737191.0,127983283.0,17983283.0,-48262809.0,1,1,0,0,0,0,0,0,0,0,0,0,0,0,1,0,0,0,0
267,267,"[28, 18, 878, 53]",6.0,2017-03-29,Ghost in the Shell,110000000.0,40563557.0,167910690.0,57910690.0,-69436443.0,1,0,0,0,0,0,1,0,0,0,0,0,0,0,1,0,1,0,0
268,268,"[12, 18, 878]",7.7,2015-09-30,The Martian,108000000.0,228433663.0,655271443.0,547271443.0,120433663.0,0,1,0,0,0,0,1,0,0,0,0,0,0,0,1,0,0,0,0
269,269,"[28, 18, 53, 10749, 10752]",6.7,2016-11-17,Allied,106000000.0,40098064.0,119266661.0,13266661.0,-65901936.0,1,0,0,0,0,0,1,0,0,0,0,0,0,1,0,0,1,1,0
270,270,"[16, 10749, 10751]",7.0,2009-12-08,The Princess and the Frog,105000000.0,104400899.0,270997378.0,165997378.0,-599101.0,0,0,1,0,0,0,0,1,0,0,0,0,0,1,0,0,0,0,0
271,271,"[28, 12, 18, 14]",5.3,2008-02-22,"10,000 B.C.",105000000.0,94784201.0,269065678.0,164065678.0,-10215799.0,1,1,0,0,0,0,1,0,1,0,0,0,0,0,0,0,0,0,0
272,272,"[12, 16, 35, 10751]",5.9,2016-06-23,Ice Age: Collision Course,105000000.0,64063008.0,402156682.0,297156682.0,-40936992.0,0,1,1,1,0,0,0,1,0,0,0,0,0,0,0,0,0,0,0
273,273,"[28, 12, 35]",7.0,2017-09-20,Kingsman: The Golden Circle,104000000.0,100234838.0,408803696.0,304803696.0,-3765162.0,1,1,0,1,0,0,0,0,0,0,0,0,0,0,0,0,0,0,0
274,274,[35],6.1,2013-05-23,The Hangover 3,103000000.0,112200072.0,362000072.0,259000072.0,9200072.0,0,0,0,1,0,0,0,0,0,0,0,0,0,0,0,0,0,0,0
275,275,"[12, 14, 878, 10751]",5.0,2018-03-08,A Wrinkle in Time,103000000.0,100478608.0,133401882.0,30401882.0,-2521392.0,0,1,0,0,0,0,0,1,1,0,0,0,0,0,1,0,0,0,0
276,276,"[80, 18, 36]",6.6,2009-07-01,Public Enemies,102500000.0,97104620.0,212282709.0,109782709.0,-5395380.0,0,0,0,0,1,0,1,0,0,1,0,0,0,0,0,0,0,0,0
277,277,"[28, 12, 53]",7.4,2006-11-14,Casino Royale,102000000.0,167365000.0,594420283.0,492420283.0,65365000.0,1,1,0,0,0,0,0,0,0,0,0,0,0,0,0,0,1,0,0
278,278,"[28, 12, 878]",6.5,2018-12-15,Bumblebee,102000000.0,127195589.0,465195589.0,363195589.0,25195589.0,1,1,0,0,0,0,0,0,0,0,0,0,0,0,1,0,0,0,0
279,279,"[18, 878]",6.8,2012-10-26,Cloud Atlas,102000000.0,27108272.0,130673154.0,28673154.0,-74891728.0,0,0,0,0,0,0,1,0,0,0,0,0,0,0,1,0,0,0,0
280,280,"[18, 37]",8.0,2012-12-25,Django Unchained,100000000.0,162805434.0,449841566.0,349841566.0,62805434.0,0,0,0,0,0,0,1,0,0,0,0,0,0,0,0,0,0,0,1
281,281,"[35, 10749]",5.6,2010-12-21,Little Fockers,100000000.0,148438600.0,310650574.0,210650574.0,48438600.0,0,0,0,1,0,0,0,0,0,0,0,0,0,1,0,0,0,0,0
282,282,"[18, 80]",7.6,2007-11-02,American Gangster,100000000.0,130164645.0,267985456.0,167985456.0,30164645.0,0,0,0,0,1,0,1,0,0,0,0,0,0,0,0,0,0,0,0
283,283,"[16, 35, 10751]",6.5,2009-09-17,Cloudy with a Chance of Meatballs,100000000.0,124870275.0,236827677.0,136827677.0,24870275.0,0,0,1,1,0,0,0,1,0,0,0,0,0,0,0,0,0,0,0
284,284,"[28, 35, 80]",6.2,2010-08-06,The Other Guys,100000000.0,119219978.0,170936470.0,70936470.0,19219978.0,1,0,0,1,1,0,0,0,0,0,0,0,0,0,0,0,0,0,0
285,285,"[35, 80, 18]",8.0,2013-12-25,The Wolf of Wall Street,100000000.0,116900694.0,389870414.0,289870414.0,16900694.0,0,0,0,1,1,0,1,0,0,0,0,0,0,0,0,0,0,0,0
286,286,"[12, 16, 14, 10751]",6.4,2013-05-15,Epic,100000000.0,107518682.0,262794441.0,162794441.0,7518682.0,0,1,1,0,0,0,0,1,1,0,0,0,0,0,0,0,0,0,0
287,287,"[28, 12, 53]",6.2,2012-08-08,The Expendables 2,100000000.0,85028192.0,311979256.0,211979256.0,-14971808.0,1,1,0,0,0,0,0,0,0,0,0,0,0,0,0,0,1,0,0
288,288,"[10751, 14, 878]",6.4,2009-10-16,Where the Wild Things Are,100000000.0,77233467.0,99123656.0,-876344.0,-22766533.0,0,0,0,0,0,0,0,1,1,0,0,0,0,0,1,0,0,0,0
289,289,"[28, 12, 14, 10751]",5.0,2006-12-14,Eragon,100000000.0,75030163.0,249488115.0,149488115.0,-24969837.0,1,1,0,0,0,0,0,1,1,0,0,0,0,0,0,0,0,0,0
290,290,"[28, 12]",5.7,2014-07-23,Hercules,100000000.0,72688614.0,243388614.0,143388614.0,-27311386.0,1,1,0,0,0,0,0,0,0,0,0,0,0,0,0,0,0,0,0
291,291,"[28, 53, 10749]",6.1,2010-12-08,The Tourist,100000000.0,67631157.0,278731369.0,178731369.0,-32368843.0,1,0,0,0,0,0,0,0,0,0,0,0,0,1,0,0,1,0,0
292,292,"[16, 35, 10751]",6.2,2007-06-08,Surf's Up,100000000.0,58867694.0,145395745.0,45395745.0,-41132306.0,0,0,1,1,0,0,0,1,0,0,0,0,0,0,0,0,0,0,0
293,293,"[28, 18, 53]",7.5,2006-12-07,Blood Diamond,100000000.0,57377916.0,171377916.0,71377916.0,-42622084.0,1,0,0,0,0,0,1,0,0,0,0,0,0,0,0,0,1,0,0
294,294,"[12, 16, 14, 10751]",6.6,2010-07-10,Legend of the Guardians: The Owls of Ga'Hoole,100000000.0,55675313.0,139716717.0,39716717.0,-44324687.0,0,1,1,0,0,0,0,1,1,0,0,0,0,0,0,0,0,0,0
295,295,"[12, 35, 878, 10751]",5.4,2009-06-05,Land of the Lost,100000000.0,49438370.0,69548641.0,-30451359.0,-50561630.0,0,1,0,1,0,0,0,1,0,0,0,0,0,0,1,0,0,0,0
296,296,"[12, 16, 35, 14, 10751]",6.2,2019-03-14,Wonder Park,100000000.0,45216793.0,115115984.0,15115984.0,-54783207.0,0,1,1,1,0,0,0,1,1,0,0,0,0,0,0,0,0,0,0
297,297,"[28, 12, 53]",6.1,2014-08-04,The Expendables 3,100000000.0,39322544.0,209461378.0,109461378.0,-60677456.0,1,1,0,0,0,0,0,0,0,0,0,0,0,0,0,0,1,0,0
298,298,"[28, 12, 18, 53, 10752]",6.4,2010-03-11,Green Zone,100000000.0,35497337.0,97523020.0,-2476980.0,-64502663.0,1,1,0,0,0,0,1,0,0,0,0,0,0,0,0,0,1,1,0
299,299,"[28, 878, 53]",5.8,2017-10-13,Geostorm,100000000.0,33700160.0,220796009.0,120796009.0,-66299840.0,1,0,0,0,0,0,0,0,0,0,0,0,0,0,1,0,1,0,0
300,300,"[28, 80, 53]",5.7,2015-12-03,Point Break,100000000.0,28782481.0,126704591.0,26704591.0,-71217519.0,1,0,0,0,1,0,0,0,0,0,0,0,0,0,0,0,1,0,0
301,301,"[28, 12, 18, 36, 53]",6.6,2015-11-20,In the Heart of the Sea,100000000.0,25020758.0,89693309.0,-10306691.0,-74979242.0,1,1,0,0,0,0,1,0,0,1,0,0,0,0,0,0,1,0,0
302,302,"[53, 878, 18, 9648]",6.0,2014-04-16,Transcendence,100000000.0,23022309.0,103039258.0,3039258.0,-76977691.0,0,0,0,0,0,0,1,0,0,0,0,0,1,0,1,0,1,0,0
303,303,"[12, 14]",6.1,2018-11-27,Mortal Engines,100000000.0,15951040.0,85287417.0,-14712583.0,-84048960.0,0,1,0,0,0,0,0,0,1,0,0,0,0,0,0,0,0,0,0
304,304,"[12, 16, 35, 10751]",6.6,2015-11-01,The Peanuts Movie,99000000.0,130178411.0,250091610.0,151091610.0,31178411.0,0,1,1,1,0,0,0,1,0,0,0,0,0,0,0,0,0,0,0
305,305,"[28, 12, 16, 35, 14, 878, 10751]",6.6,2019-01-26,The LEGO Movie 2: The Second Part,99000000.0,105806508.0,190131036.0,91131036.0,6806508.0,1,1,1,1,0,0,0,1,1,0,0,0,0,0,1,0,0,0,0
306,306,"[27, 878, 53]",5.9,2017-05-09,Alien: Covenant,97000000.0,74262031.0,238521247.0,141521247.0,-22737969.0,0,0,0,0,0,0,0,0,0,0,1,0,0,0,1,0,1,0,0
307,307,"[18, 14, 10749, 10751]",6.7,2015-03-12,Cinderella,95000000.0,201151353.0,534551353.0,439551353.0,106151353.0,0,0,0,0,0,0,1,1,1,0,0,0,0,1,0,0,0,0,0
308,308,"[12, 16, 35, 10751]",6.3,2012-06-26,Ice Age: Continental Drift,95000000.0,161321843.0,879765137.0,784765137.0,66321843.0,0,1,1,1,0,0,0,1,0,0,0,0,0,0,0,0,0,0,0
309,309,"[35, 18, 10749]",5.9,2010-05-26,Sex and the City 2,95000000.0,95347692.0,294680778.0,199680778.0,347692.0,0,0,0,1,0,0,1,0,0,0,0,0,0,1,0,0,0,0,0
310,310,"[12, 14, 10751]",5.9,2013-08-07,Percy Jackson & the Olympians: The Lightning Thief,95000000.0,88768303.0,223050874.0,128050874.0,-6231697.0,0,1,0,0,0,0,0,1,1,0,0,0,0,0,0,0,0,0,0
311,311,[35],5.8,2012-08-09,The Campaign,95000000.0,86907746.0,104907746.0,9907746.0,-8092254.0,0,0,0,1,0,0,0,0,0,0,0,0,0,0,0,0,0,0,0
312,312,"[28, 53]",6.4,2010-11-04,Unstoppable,95000000.0,81562942.0,165720921.0,70720921.0,-13437058.0,1,0,0,0,0,0,0,0,0,0,0,0,0,0,0,0,1,0,0
313,313,"[14, 18]",6.8,2009-12-26,The Lovely Bones,95000000.0,44114232.0,94894448.0,-105552.0,-50885768.0,0,0,0,0,0,0,1,0,1,0,0,0,0,0,0,0,0,0,0
314,314,"[12, 36]",7.8,1959-12-26,Ben-Hur,95000000.0,26410477.0,91669648.0,-3330352.0,-68589523.0,0,1,0,0,0,0,0,0,0,1,0,0,0,0,0,0,0,0,0
315,315,"[12, 14]",5.3,2014-12-12,Seventh Son,95000000.0,17725785.0,108874967.0,13874967.0,-77274215.0,0,1,0,0,0,0,0,0,1,0,0,0,0,0,0,0,0,0,0
316,316,"[28, 12, 35, 80]",7.6,2015-01-24,Kingsman: The Secret Service,94000000.0,128261724.0,404561724.0,310561724.0,34261724.0,1,1,0,1,1,0,0,0,0,0,0,0,0,0,0,0,0,0,0
317,317,"[28, 18, 878, 53]",7.2,2011-08-03,Rise of the Planet of the Apes,93000000.0,176760185.0,470986200.0,377986200.0,83760185.0,1,0,0,0,0,0,1,0,0,0,0,0,0,0,1,0,1,0,0
318,318,"[12, 18, 14, 10751]",6.5,2008-02-14,The Spiderwick Chronicles,92500000.0,71195053.0,162839667.0,70339667.0,-21304947.0,0,1,0,0,0,0,1,1,1,0,0,0,0,0,0,0,0,0,0
319,319,"[28, 53]",5.2,2013-02-06,A Good Day to Die Hard,92000000.0,67349198.0,304249198.0,212249198.0,-24650802.0,1,0,0,0,0,0,0,0,0,0,0,0,0,0,0,0,1,0,0
320,320,"[12, 35, 18, 14]",7.1,2013-12-18,The Secret Life of Walter Mitty,91000000.0,58236838.0,187861183.0,96861183.0,-32763162.0,0,1,0,1,0,0,1,0,1,0,0,0,0,0,0,0,0,0,0
321,321,"[28, 12, 35, 14]",6.7,2017-12-09,Jumanji: Welcome to the Jungle,90000000.0,404508916.0,964496193.0,874496193.0,314508916.0,1,1,0,1,0,0,0,0,1,0,0,0,0,0,0,0,0,0,0
322,322,"[28, 12, 80, 9648]",7.2,2009-12-23,Sherlock Holmes,90000000.0,209028679.0,498438212.0,408438212.0,119028679.0,1,1,0,0,1,0,0,0,0,0,0,0,1,0,0,0,0,0,0
323,323,"[16, 35, 10751, 12]",6.6,2009-06-29,Ice Age: Dawn of the Dinosaurs,90000000.0,196573705.0,859701857.0,769701857.0,106573705.0,0,1,1,1,0,0,0,1,0,0,0,0,0,0,0,0,0,0,0
324,324,"[12, 16, 35, 10751]",6.6,2011-04-03,Rio,90000000.0,143619809.0,487519809.0,397519809.0,53619809.0,0,1,1,1,0,0,0,1,0,0,0,0,0,0,0,0,0,0,0
325,325,"[80, 18, 53]",8.1,2006-10-05,The Departed,90000000.0,132384315.0,289660619.0,199660619.0,42384315.0,0,0,0,0,1,0,1,0,0,0,0,0,0,0,0,0,1,0,0
326,326,"[28, 12, 35, 10752]",6.5,2008-08-09,Tropic Thunder,90000000.0,110515313.0,191145256.0,101145256.0,20515313.0,1,1,0,1,0,0,0,0,0,0,0,0,0,0,0,0,0,1,0
327,327,"[80, 18, 9648, 53]",7.3,2011-12-14,The Girl with the Dragon Tattoo,90000000.0,102515793.0,239373970.0,149373970.0,12515793.0,0,0,0,0,1,0,1,0,0,0,0,0,1,0,0,0,1,0,0
328,328,"[28, 35]",5.5,2008-06-05,You Don't Mess With the Zohan,90000000.0,100018837.0,202910991.0,112910991.0,10018837.0,1,0,0,1,0,0,0,0,0,0,0,0,0,0,0,0,0,0,0
329,329,"[28, 12, 37]",6.2,2016-09-14,The Magnificent Seven,90000000.0,93432655.0,162525156.0,72525156.0,3432655.0,1,1,0,0,0,0,0,0,0,0,0,0,0,0,0,0,0,0,1
330,330,"[12, 16, 35, 10751]",5.9,2015-12-17,Alvin and the Chipmunks: The Road Chip,90000000.0,85886987.0,249517956.0,159517956.0,-4113013.0,0,1,1,1,0,0,0,1,0,0,0,0,0,0,0,0,0,0,0
331,331,"[18, 36, 53, 10752]",6.8,2008-12-25,Valkyrie,90000000.0,83107829.0,203932174.0,113932174.0,-6892171.0,0,0,0,0,0,0,1,0,0,1,0,0,0,0,0,0,1,1,0
332,332,"[28, 35, 878]",5.6,2015-07-16,Pixels,90000000.0,78765986.0,244041804.0,154041804.0,-11234014.0,1,0,0,1,0,0,0,0,0,0,0,0,0,0,1,0,0,0,0
333,333,"[12, 14, 10751]",5.9,2013-08-07,Percy Jackson: Sea of Monsters,90000000.0,68559554.0,200859554.0,110859554.0,-21440446.0,0,1,0,0,0,0,0,1,1,0,0,0,0,0,0,0,0,0,0
334,334,"[28, 35, 53]",6.8,2016-06-02,Now You See Me 2,90000000.0,65075540.0,328325007.0,238325007.0,-24924460.0,1,0,0,1,0,0,0,0,0,0,0,0,0,0,0,0,1,0,0
335,335,"[28, 12, 14]",6.3,2018-03-05,Tomb Raider,90000000.0,58250803.0,273477501.0,183477501.0,-31749197.0,1,1,0,0,0,0,0,0,1,0,0,0,0,0,0,0,0,0,0
336,336,"[28, 12, 14]",5.2,2011-08-17,Conan the Barbarian,90000000.0,21295021.0,63356133.0,-26643867.0,-68704979.0,1,1,0,0,0,0,0,0,1,0,0,0,0,0,0,0,0,0,0
337,337,"[28, 12, 53]",5.7,2011-08-31,The Three Musketeers,90000000.0,20377913.0,139877913.0,49877913.0,-69622087.0,1,1,0,0,0,0,0,0,0,0,0,0,0,0,0,0,1,0,0
338,338,"[18, 36, 10749]",7.0,2016-12-02,The Promise,90000000.0,8224288.0,10551417.0,-79448583.0,-81775712.0,0,0,0,0,0,0,1,0,0,1,0,0,0,1,0,0,0,0,0
339,339,"[10402, 14, 28, 10751]",5.5,2010-11-24,The Nutcracker in 3D,90000000.0,195459.0,20466016.0,-69533984.0,-89804541.0,1,0,0,0,0,0,0,1,1,0,0,1,0,0,0,0,0,0,0
340,340,"[28, 80, 14]",6.2,2017-12-22,Bright,90000000.0,0.0,0.0,-90000000.0,-90000000.0,1,0,0,0,1,0,0,0,1,0,0,0,0,0,0,0,0,0,0
341,341,"[28, 12, 27, 878, 53]",5.3,2018-09-05,The Predator,88000000.0,51024708.0,159487563.0,71487563.0,-36975292.0,1,1,0,0,0,0,0,0,0,0,1,0,0,0,1,0,1,0,0
342,342,"[16, 35, 10751]",6.0,2006-11-16,Happy Feet,85000000.0,198000317.0,385000317.0,300000317.0,113000317.0,0,0,1,1,0,0,0,1,0,0,0,0,0,0,0,0,0,0,0
343,343,"[28, 12, 35]",6.6,2019-08-01,Fast & Furious,85000000.0,155064265.0,363064265.0,278064265.0,70064265.0,1,1,0,1,0,0,0,0,0,0,0,0,0,0,0,0,0,0,0
344,344,"[12, 16, 35, 14, 10751]",6.3,2008-03-03,Horton Hears a Who,85000000.0,154529439.0,299477886.0,214477886.0,69529439.0,0,1,1,1,0,0,0,1,1,0,0,0,0,0,0,0,0,0,0
345,345,"[28, 12, 878]",6.9,2014-03-14,Divergent,85000000.0,150947895.0,276014965.0,191014965.0,65947895.0,1,1,0,0,0,0,0,0,0,0,0,0,0,0,1,0,0,0,0
346,346,"[16, 35, 14, 10751]",6.9,2012-09-20,Hotel Transylvania,85000000.0,148313048.0,378505812.0,293505812.0,63313048.0,0,0,1,1,0,0,0,1,1,0,0,0,0,0,0,0,0,0,0
347,347,"[28, 35, 14]",7.0,2019-03-23,Shazam!,85000000.0,140371656.0,363664533.0,278664533.0,55371656.0,1,0,0,1,0,0,0,0,1,0,0,0,0,0,0,0,0,0,0
348,348,"[35, 10751, 14, 10749]",6.7,2007-11-20,Enchanted,85000000.0,127706877.0,340384141.0,255384141.0,42706877.0,0,0,0,1,0,0,0,1,1,0,0,0,0,1,0,0,0,0,0
349,349,"[28, 53]",6.4,2012-02-09,Safe House,85000000.0,126181630.0,208542162.0,123542162.0,41181630.0,1,0,0,0,0,0,0,0,0,0,0,0,0,0,0,0,1,0,0
350,350,"[35, 10749]",5.9,2007-07-12,I Now Pronounce You Chuck and Larry,85000000.0,119725280.0,185708462.0,100708462.0,34725280.0,0,0,0,1,0,0,0,0,0,0,0,0,0,1,0,0,0,0,0
351,351,"[80, 53]",6.7,2007-06-06,Ocean's Thirteen,85000000.0,117144465.0,311744465.0,226744465.0,32144465.0,0,0,0,0,1,0,0,0,0,0,0,0,0,0,0,0,1,0,0
352,352,"[35, 10749]",6.4,2009-12-23,It’s Complicated,85000000.0,112735375.0,224614744.0,139614744.0,27735375.0,0,0,0,1,0,0,0,0,0,0,0,0,0,1,0,0,0,0,0
353,353,"[12, 16, 35]",6.1,2006-09-29,Open Season,85000000.0,85105259.0,191932158.0,106932158.0,105259.0,0,1,1,1,0,0,0,0,0,0,0,0,0,0,0,0,0,0,0
354,354,"[28, 35]",6.0,2011-11-02,Tower Heist,85000000.0,78046570.0,150422946.0,65422946.0,-6953430.0,1,0,0,1,0,0,0,0,0,0,0,0,0,0,0,0,0,0,0
355,355,"[12, 35, 18, 14, 10751]",5.9,2012-03-15,Mirror Mirror,85000000.0,64935167.0,173613482.0,88613482.0,-20064833.0,0,1,0,1,0,0,1,1,1,0,0,0,0,0,0,0,0,0,0
356,356,"[35, 10749]",7.0,2006-12-08,The Holiday,85000000.0,63280000.0,205190324.0,120190324.0,-21720000.0,0,0,0,1,0,0,0,0,0,0,0,0,0,1,0,0,0,0,0
357,357,"[28, 80, 18, 53]",6.2,2006-06-03,The Fast and the Furious: Tokyo Drift,85000000.0,62615510.0,157794205.0,72794205.0,-22384490.0,1,0,0,0,1,0,1,0,0,0,0,0,0,0,0,0,1,0,0
358,358,"[16, 35, 18, 10751]",6.7,2011-11-10,Arthur Christmas,85000000.0,46462469.0,149717124.0,64717124.0,-38537531.0,0,0,1,1,0,0,1,1,0,0,0,0,0,0,0,0,0,0,0
359,359,"[28, 12, 80]",5.6,2017-01-13,xXx: Return of Xander Cage,85000000.0,44898413.0,345033359.0,260033359.0,-40101587.0,1,1,0,0,1,0,0,0,0,0,0,0,0,0,0,0,0,0,0
360,360,"[35, 18, 14, 10402]",0.0,2019-12-12,Cats & Dogs: The Revenge of Kitty Galore,85000000.0,43585753.0,113026383.0,28026383.0,-41414247.0,0,0,0,1,0,0,1,0,1,0,0,1,0,0,0,0,0,0,0
361,361,"[80, 18, 9648, 53]",7.5,2007-03-02,Zodiac,85000000.0,33080084.0,83080084.0,-1919916.0,-51919916.0,0,0,0,0,1,0,1,0,0,0,0,0,1,0,0,0,1,0,0
362,362,"[28, 35, 10749]",7.4,2010-07-27,Scott Pilgrim vs. The World,85000000.0,31611316.0,48056764.0,-36943236.0,-53388684.0,1,0,0,1,0,0,0,0,0,0,0,0,0,1,0,0,0,0,0
363,363,[18],8.0,2017-12-20,The Greatest Showman,84000000.0,174340174.0,440973522.0,356973522.0,90340174.0,0,0,0,0,0,0,1,0,0,0,0,0,0,0,0,0,0,0,0
364,364,"[28, 35, 80, 53]",6.5,2013-07-18,RED 2,84000000.0,53262560.0,141507355.0,57507355.0,-30737440.0,1,0,0,1,1,0,0,0,0,0,0,0,0,0,0,0,1,0,0
365,365,"[35, 18, 14, 10749]",6.1,2006-06-22,Click,82500000.0,137355633.0,237685089.0,155185089.0,54855633.0,0,0,0,1,0,0,1,0,1,0,0,0,0,1,0,0,0,0,0
366,366,"[10402, 16, 18, 10751]",6.6,1973-03-01,Charlotte's Web,82500000.0,82985708.0,143985708.0,61485708.0,485708.0,0,0,1,0,0,0,1,1,0,0,0,1,0,0,0,0,0,0,0
367,367,"[12, 14, 878]",6.0,2008-02-13,Jumper,82500000.0,80172128.0,222640812.0,140140812.0,-2327872.0,0,1,0,0,0,0,0,0,1,0,0,0,0,0,1,0,0,0,0
368,368,"[14, 27]",6.7,2008-07-11,Hellboy II: The Golden Army,82500000.0,75986503.0,160388063.0,77888063.0,-6513497.0,0,0,0,0,0,0,0,0,1,0,1,0,0,0,0,0,0,0,0
369,369,"[28, 12, 53]",6.1,2010-08-03,The Expendables,82000000.0,103068524.0,268268174.0,186268174.0,21068524.0,1,1,0,0,0,0,0,0,0,0,0,0,0,0,0,0,1,0,0
370,370,"[878, 12, 14]",7.1,2012-03-12,The Hunger Games,80000000.0,408010692.0,677923379.0,597923379.0,328010692.0,0,1,0,0,0,0,0,0,1,0,0,0,0,0,1,0,0,0,0
371,371,[35],6.4,2011-05-25,The Hangover Part II,80000000.0,254464305.0,586464305.0,506464305.0,174464305.0,0,0,0,1,0,0,0,0,0,0,0,0,0,0,0,0,0,0,0
372,372,"[28, 16, 35, 14, 10751]",7.2,2017-02-08,The Lego Batman Movie,80000000.0,175750384.0,310660018.0,230660018.0,95750384.0,1,0,1,1,0,0,0,1,1,0,0,0,0,0,0,0,0,0,0
373,373,"[16, 35, 14, 10751]",6.7,2015-09-21,Hotel Transylvania 2,80000000.0,169700110.0,469500298.0,389500298.0,89700110.0,0,0,1,1,0,0,0,1,1,0,0,0,0,0,0,0,0,0,0
374,374,"[12, 16, 35, 10751]",6.6,2019-05-24,The Secret Life of Pets 2,80000000.0,158257265.0,433314196.0,353314196.0,78257265.0,0,1,1,1,0,0,0,1,0,0,0,0,0,0,0,0,0,0,0
375,375,"[16, 35, 10751]",6.4,2006-05-17,Over the Hedge,80000000.0,155019340.0,343397247.0,263397247.0,75019340.0,0,0,1,1,0,0,0,1,0,0,0,0,0,0,0,0,0,0,0
376,376,[35],5.9,2013-07-11,Grown Ups 2,80000000.0,133668525.0,247023808.0,167023808.0,53668525.0,0,0,0,1,0,0,0,0,0,0,0,0,0,0,0,0,0,0,0
377,377,"[16, 35, 14, 10402, 10751]",5.6,2011-12-14,Alvin and the Chipmunks: Chipwrecked,80000000.0,133107389.0,349088523.0,269088523.0,53107389.0,0,0,1,1,0,0,0,1,1,0,0,1,0,0,0,0,0,0,0
378,378,"[28, 35, 53]",6.1,2008-06-19,Get Smart,80000000.0,130319208.0,226739416.0,146739416.0,50319208.0,1,0,0,1,0,0,0,0,0,0,0,0,0,0,0,0,1,0,0
379,379,"[18, 9648, 53]",8.1,2010-02-14,Shutter Island,80000000.0,128012934.0,299461782.0,219461782.0,48012934.0,0,0,0,0,0,0,1,0,0,0,0,0,1,0,0,0,1,0,0
380,380,"[35, 18, 10749]",5.6,2008-11-26,Four Christmases,80000000.0,120146040.0,168311558.0,88311558.0,40146040.0,0,0,0,1,0,0,1,0,0,0,0,0,0,1,0,0,0,0,0
381,381,"[35, 14, 10749, 10751]",6.0,2008-12-24,Bedtime Stories,80000000.0,110101975.0,221468935.0,141468935.0,30101975.0,0,0,0,1,0,0,0,1,1,0,0,0,0,1,0,0,0,0,0
382,382,"[35, 10749]",6.5,2011-02-10,Just Go With It,80000000.0,103028109.0,214974953.0,134974953.0,23028109.0,0,0,0,1,0,0,0,0,0,0,0,0,0,1,0,0,0,0,0
383,383,"[9648, 53, 28]",6.4,2008-09-25,Eagle Eye,80000000.0,101440743.0,180585259.0,100585259.0,21440743.0,1,0,0,0,0,0,0,0,0,0,0,0,1,0,0,0,1,0,0
384,384,"[12, 16, 35, 10751]",5.3,2010-12-17,Yogi Bear,80000000.0,100246011.0,204774690.0,124774690.0,20246011.0,0,1,1,1,0,0,0,1,0,0,0,0,0,0,0,0,0,0,0
385,385,"[28, 53, 878]",6.7,2010-01-11,The Book of Eli,80000000.0,94835059.0,158750817.0,78750817.0,14835059.0,1,0,0,0,0,0,0,0,0,0,0,0,0,0,1,0,1,0,0
386,386,"[28, 18, 10752]",7.4,2014-10-15,Fury,80000000.0,85817906.0,210315681.0,130315681.0,5817906.0,1,0,0,0,0,0,1,0,0,0,0,0,0,0,0,0,0,1,0
387,387,"[12, 16, 14, 10751]",6.6,2018-09-20,Smallfoot,80000000.0,83240103.0,213686569.0,133686569.0,3240103.0,0,1,1,0,0,0,0,1,1,0,0,0,0,0,0,0,0,0,0
388,388,"[35, 80]",7.0,1963-12-19,The Pink Panther,80000000.0,82226474.0,158926474.0,78926474.0,2226474.0,0,0,0,1,1,0,0,0,0,0,0,0,0,0,0,0,0,0,0
389,389,"[35, 10749, 10751]",5.3,2011-07-06,Zookeeper,80000000.0,80360866.0,170805525.0,90805525.0,360866.0,0,0,0,1,0,0,0,1,0,0,0,0,0,1,0,0,0,0,0
390,390,[878],7.5,1951-09-17,The Day the Earth Stood Still,80000000.0,79366978.0,237370350.0,157370350.0,-633022.0,0,0,0,0,0,0,0,0,0,0,0,0,0,0,1,0,0,0,0
391,391,"[28, 878, 53]",6.7,2006-11-22,Déjà Vu,80000000.0,64038616.0,181038616.0,101038616.0,-15961384.0,1,0,0,0,0,0,0,0,0,0,0,0,0,0,1,0,1,0,0
392,392,"[28, 878, 53]",6.0,2009-09-24,Surrogates,80000000.0,38577772.0,119668350.0,39668350.0,-41422228.0,1,0,0,0,0,0,0,0,0,0,0,0,0,0,1,0,1,0,0
393,393,"[16, 10751]",5.3,2006-03-06,The Wild,80000000.0,37384046.0,99010667.0,19010667.0,-42615954.0,0,0,1,0,0,0,0,1,0,0,0,0,0,0,0,0,0,0,0
394,394,"[12, 16, 10751]",5.5,2013-12-18,Walking with Dinosaurs,80000000.0,36076121.0,123368842.0,43368842.0,-43923879.0,0,1,1,0,0,0,0,1,0,0,0,0,0,0,0,0,0,0,0
395,395,"[28, 12, 14, 878]",5.8,2015-10-21,The Last Witch Hunter,80000000.0,27367660.0,130818912.0,50818912.0,-52632340.0,1,1,0,0,0,0,0,0,1,0,0,0,0,0,1,0,0,0,0
396,396,"[28, 12, 18, 36, 10749]",5.4,2014-02-18,Pompeii,80000000.0,23169033.0,108469033.0,28469033.0,-56830967.0,1,1,0,0,0,0,1,0,0,1,0,0,0,1,0,0,0,0,0
397,397,"[18, 10402, 10749]",5.6,2009-12-03,Nine,80000000.0,19676965.0,56984219.0,-23015781.0,-60323035.0,0,0,0,0,0,0,1,0,0,0,0,1,0,1,0,0,0,0,0
398,398,"[99, 10751]",7.2,2009-10-17,Oceans,80000000.0,19422319.0,86787530.0,6787530.0,-60577681.0,0,0,0,0,0,1,0,1,0,0,0,0,0,0,0,0,0,0,0
399,399,"[12, 14, 16, 10751]",6.2,2006-12-13,Arthur et les Minimoys,80000000.0,15132763.0,113325743.0,33325743.0,-64867237.0,0,1,1,0,0,0,0,1,1,0,0,0,0,0,0,0,0,0,0
400,400,"[18, 27, 878, 53]",5.9,2007-08-17,The Invasion,80000000.0,15074191.0,40147042.0,-39852958.0,-64925809.0,0,0,0,0,0,0,1,0,0,0,1,0,0,0,1,0,1,0,0
401,401,"[28, 12, 878]",6.0,2012-01-19,Journey 2: The Mysterious Island,79000000.0,103860290.0,318146162.0,239146162.0,24860290.0,1,1,0,0,0,0,0,0,0,0,0,0,0,0,1,0,0,0,0
402,402,[35],4.1,2011-11-11,Jack and Jill,79000000.0,74158157.0,150519217.0,71519217.0,-4841843.0,0,0,0,1,0,0,0,0,0,0,0,0,0,0,0,0,0,0,0
403,403,"[16, 35, 10751]",6.4,2013-09-26,Cloudy with a Chance of Meatballs 2,78000000.0,119793567.0,274392649.0,196392649.0,41793567.0,0,0,1,1,0,0,0,1,0,0,0,0,0,0,0,0,0,0,0
404,404,"[12, 35, 10751]",5.1,2012-10-17,Astérix et Obélix: Au service de Sa Majesté,77600000.0,0.0,60680125.0,-16919875.0,-77600000.0,0,1,0,1,0,0,0,1,0,0,0,0,0,0,0,0,0,0,0
405,405,"[12, 16, 14, 10751]",7.6,2015-07-29,The Little Prince,77500000.0,1311213.0,102028919.0,24528919.0,-76188787.0,0,1,1,0,0,0,0,1,1,0,0,0,0,0,0,0,0,0,0
406,406,"[53, 28]",5.7,2017-08-21,Renegades,77500000.0,0.0,1521672.0,-75978328.0,-77500000.0,1,0,0,0,0,0,0,0,0,0,0,0,0,0,0,0,1,0,0
407,407,"[53, 28, 80]",6.5,2018-07-19,The Equalizer 2,77000000.0,102084362.0,190376181.0,113376181.0,25084362.0,1,0,0,0,1,0,0,0,0,0,0,0,0,0,0,0,1,0,0
408,408,"[16, 35, 10751]",6.9,2013-06-25,Despicable Me 2,76000000.0,368065385.0,975216835.0,899216835.0,292065385.0,0,0,1,1,0,0,0,1,0,0,0,0,0,0,0,0,0,0,0
409,409,"[18, 28, 53, 878]",7.6,2006-09-22,Children of Men,76000000.0,35552383.0,69845011.0,-6154989.0,-40447617.0,1,0,0,0,0,0,1,0,0,0,0,0,0,0,1,0,1,0,0
410,410,"[12, 16, 35, 10751]",6.6,2019-05-24,The Secret Life of Pets,75000000.0,368384330.0,886606412.0,811606412.0,293384330.0,0,1,1,1,0,0,0,1,0,0,0,0,0,0,0,0,0,0,0
411,411,[],6.0,,Dr. Seuss’ The Grinch,75000000.0,270620950.0,510934965.0,435934965.0,195620950.0,0,0,0,0,0,0,0,0,0,0,0,0,0,0,0,0,0,0,0
412,412,"[16, 35, 18, 10751]",7.0,2016-11-23,Sing,75000000.0,270329045.0,634454789.0,559454789.0,195329045.0,0,0,1,1,0,0,1,1,0,0,0,0,0,0,0,0,0,0,0
413,413,"[28, 12, 16, 35, 10751]",6.3,2017-06-15,Despicable Me 3,75000000.0,264624300.0,1034724710.0,959724710.0,189624300.0,1,1,1,1,0,0,0,1,0,0,0,0,0,0,0,0,0,0,0
414,414,"[12, 16, 35, 10751]",6.6,2006-03-29,Ice Age: The Meltdown,75000000.0,195330621.0,651899282.0,576899282.0,120330621.0,0,1,1,1,0,0,0,1,0,0,0,0,0,0,0,0,0,0,0
415,415,[35],6.2,2010-06-24,Grown Ups,75000000.0,162001186.0,272223430.0,197223430.0,87001186.0,0,0,0,1,0,0,0,0,0,0,0,0,0,0,0,0,0,0,0
416,416,"[28, 80, 53]",6.4,2008-06-19,Wanted,75000000.0,134508551.0,342416460.0,267416460.0,59508551.0,1,0,0,0,1,0,0,0,0,0,0,0,0,0,0,0,1,0,0
417,417,"[35, 18, 10749]",6.6,2007-07-13,Hairspray,75000000.0,118871849.0,203035572.0,128035572.0,43871849.0,0,0,0,1,0,0,1,0,0,0,0,0,0,1,0,0,0,0,0
418,418,"[80, 53]",7.4,2013-05-29,Now You See Me,75000000.0,117723989.0,342769200.0,267769200.0,42723989.0,0,0,0,0,1,0,0,0,0,0,0,0,0,0,0,0,1,0,0
419,419,[18],6.7,2006-12-25,Dreamgirls,75000000.0,103365956.0,155708695.0,80708695.0,28365956.0,0,0,0,0,0,0,1,0,0,0,0,0,0,0,0,0,0,0,0
420,420,"[12, 35, 14, 10751]",7.4,2018-08-02,Christopher Robin,75000000.0,99215042.0,197504758.0,122504758.0,24215042.0,0,1,0,1,0,0,0,1,1,0,0,0,0,0,0,0,0,0,0
421,421,"[28, 18, 14]",5.8,2011-11-10,Immortals,75000000.0,83504017.0,211562435.0,136562435.0,8504017.0,1,0,0,0,0,0,1,0,1,0,0,0,0,0,0,0,0,0,0
422,422,"[16, 35, 14, 10751]",6.5,2006-07-21,Monster House,75000000.0,73661010.0,141267370.0,66267370.0,-1338990.0,0,0,1,1,0,0,0,1,1,0,0,0,0,0,0,0,0,0,0
423,423,"[35, 18, 36]",6.6,2007-12-19,Charlie Wilson's War,75000000.0,66661095.0,119512771.0,44512771.0,-8338905.0,0,0,0,1,0,0,1,0,0,1,0,0,0,0,0,0,0,0,0
424,424,"[28, 35, 53, 10749]",5.8,2010-06-04,Killers,75000000.0,47059963.0,95572749.0,20572749.0,-27940037.0,1,0,0,1,0,0,0,0,0,0,0,0,0,1,0,0,1,0,0
425,425,"[28, 12, 35]",7.1,2015-08-13,The Man From U.N.C.L.E.,75000000.0,45445109.0,108517735.0,33517735.0,-29554891.0,1,1,0,1,0,0,0,0,0,0,0,0,0,0,0,0,0,0,0
426,426,"[18, 14, 9648, 53]",5.5,2006-07-21,Lady in the Water,75000000.0,42285169.0,72785169.0,-2214831.0,-32714831.0,0,0,0,0,0,0,1,0,1,0,0,0,1,0,0,0,1,0,0
427,427,"[28, 14, 53]",6.1,2011-03-24,Sucker Punch,75000000.0,36392502.0,89758389.0,14758389.0,-38607498.0,1,0,0,0,0,0,0,0,1,0,0,0,0,0,0,0,1,0,0
428,428,"[10749, 35, 12]",5.6,2008-02-07,Fool's Gold,72500000.0,70231041.0,109362966.0,36862966.0,-2268959.0,0,1,0,1,0,0,0,0,0,0,0,0,0,1,0,0,0,0,0
429,429,"[35, 18]",5.7,2009-07-31,Funny People,72500000.0,51855045.0,71880305.0,-619695.0,-20644955.0,0,0,0,1,0,0,1,0,0,0,0,0,0,0,0,0,0,0,0
430,430,"[28, 18, 53]",6.6,2007-08-22,The Kingdom,72500000.0,47467250.0,86802457.0,14302457.0,-25032750.0,1,0,0,0,0,0,1,0,0,0,0,0,0,0,0,0,1,0,0
431,431,"[12, 16, 35, 10751]",6.7,2006-06-08,Cars,70000000.0,244082982.0,461651246.0,391651246.0,174082982.0,0,1,1,1,0,0,0,1,0,0,0,0,0,0,0,0,0,0,0
432,432,"[16, 35, 14, 10402, 10751]",5.5,2009-12-21,Alvin and the Chipmunks: The Squeakquel,70000000.0,219614612.0,443483213.0,373483213.0,149614612.0,0,0,1,1,0,0,0,1,1,0,0,1,0,0,0,0,0,0,0
433,433,"[28, 35, 80, 53]",6.9,2018-06-07,Ocean’s 8,70000000.0,140218711.0,297115976.0,227115976.0,70218711.0,1,0,0,1,1,0,0,0,0,0,0,0,0,0,0,0,1,0,0
434,434,"[28, 18, 53, 10752]",8.1,2009-08-18,Inglourious Basterds,70000000.0,120774594.0,316915264.0,246915264.0,50774594.0,1,0,0,0,0,0,1,0,0,0,0,0,0,0,0,0,1,1,0
435,435,[35],6.1,2017-11-09,Daddy’s Home 2,70000000.0,104029443.0,175807183.0,105807183.0,34029443.0,0,0,0,1,0,0,0,0,0,0,0,0,0,0,0,0,0,0,0
436,436,"[28, 53]",6.3,2013-03-20,Olympus Has Fallen,70000000.0,98927592.0,172878928.0,102878928.0,28927592.0,1,0,0,0,0,0,0,0,0,0,0,0,0,0,0,0,1,0,0
437,437,"[28, 878]",5.6,2011-03-08,Battle: Los Angeles,70000000.0,83552429.0,213463976.0,143463976.0,13552429.0,1,0,0,0,0,0,0,0,0,0,0,0,0,0,1,0,0,0,0
438,438,"[28, 18, 10752]",7.2,2011-12-25,War Horse,70000000.0,79883359.0,156815529.0,86815529.0,9883359.0,1,0,0,0,0,0,1,0,0,0,0,0,0,0,0,0,0,1,0
439,439,"[28, 18, 36, 10752]",6.0,2014-01-24,The Monuments Men,70000000.0,78031620.0,158702748.0,88702748.0,8031620.0,1,0,0,0,0,0,1,0,0,1,0,0,0,0,0,0,0,1,0
440,440,"[12, 16, 35, 10751]",6.5,2016-09-22,Storks,70000000.0,72679278.0,183353431.0,113353431.0,2679278.0,0,1,1,1,0,0,0,1,0,0,0,0,0,0,0,0,0,0,0
441,441,"[14, 28, 27]",6.2,2012-01-19,Underworld: Awakening,70000000.0,62321039.0,160379930.0,90379930.0,-7678961.0,1,0,0,0,0,0,0,0,1,0,1,0,0,0,0,0,0,0,0
442,442,"[28, 12, 16, 10751]",6.3,2017-09-21,The Lego Ninjago Movie,70000000.0,59281555.0,122737201.0,52737201.0,-10718445.0,1,1,1,0,0,0,0,1,0,0,0,0,0,0,0,0,0,0,0
443,443,"[28, 18, 14, 27, 10752]",6.2,2014-10-01,Dracula Untold,70000000.0,55991880.0,220241723.0,150241723.0,-14008120.0,1,0,0,0,0,0,1,0,1,0,1,0,0,0,0,0,0,1,0
444,444,[18],7.0,2006-09-28,The Guardian,70000000.0,55011732.0,94973540.0,24973540.0,-14988268.0,0,0,0,0,0,0,1,0,0,0,0,0,0,0,0,0,0,0,0
445,445,"[80, 18]",6.0,2010-09-02,Wall Street 2: Money Never Sleeps,70000000.0,52474616.0,137431619.0,67431619.0,-17525384.0,0,0,0,0,1,0,1,0,0,0,0,0,0,0,0,0,0,0,0
446,446,"[35, 18]",5.4,2011-01-13,The Dilemma,70000000.0,48475290.0,70546865.0,546865.0,-21524710.0,0,0,0,1,0,0,1,0,0,0,0,0,0,0,0,0,0,0,0
447,447,"[12, 14, 10749, 10751]",7.2,2007-08-09,Stardust,70000000.0,38634938.0,137022245.0,67022245.0,-31365062.0,0,1,0,0,0,0,0,1,1,0,0,0,0,1,0,0,0,0,0
448,448,"[35, 18, 10402, 10749]",6.1,2012-06-13,Rock of Ages,70000000.0,38518613.0,61031932.0,-8968068.0,-31481387.0,0,0,0,1,0,0,1,0,0,0,0,1,0,1,0,0,0,0,0
449,449,"[80, 18, 53]",6.5,2007-09-14,The Brave One,70000000.0,36793804.0,69792704.0,-207296.0,-33206196.0,0,0,0,0,1,0,1,0,0,0,0,0,0,0,0,0,1,0,0
450,450,"[28, 18, 36, 53]",6.4,2016-01-25,The Finest Hours,70000000.0,27569558.0,49252761.0,-20747239.0,-42430442.0,1,0,0,0,0,0,1,0,0,1,0,0,0,0,0,0,1,0,0
451,451,"[28, 53]",4.7,2019-06-20,Escape Plan,70000000.0,25135965.0,103735965.0,33735965.0,-44864035.0,1,0,0,0,0,0,0,0,0,0,0,0,0,0,0,0,1,0,0
452,452,"[28, 12, 53]",6.2,2011-09-23,Killer Elite,70000000.0,25124986.0,65409046.0,-4590954.0,-44875014.0,1,1,0,0,0,0,0,0,0,0,0,0,0,0,0,0,1,0,0
453,453,"[28, 12]",4.6,2014-01-10,The Legend of Hercules,70000000.0,18848538.0,58953319.0,-11046681.0,-51151462.0,1,1,0,0,0,0,0,0,0,0,0,0,0,0,0,0,0,0,0
454,454,"[28, 12, 35, 14]",7.1,2019-12-04,Next,70000000.0,18211013.0,73591500.0,3591500.0,-51788987.0,1,1,0,1,0,0,0,0,1,0,0,0,0,0,0,0,0,0,0
455,455,"[16, 10402, 10751]",5.7,2013-06-13,Legends of Oz: Dorothy’s Return,70000000.0,8462347.0,20107933.0,-49892067.0,-61537653.0,0,0,1,0,0,0,0,1,0,0,0,1,0,0,0,0,0,0,0
456,456,"[80, 53, 28]",5.3,2015-01-13,Blackhat,70000000.0,8005980.0,19665004.0,-50334996.0,-61994020.0,1,0,0,0,1,0,0,0,0,0,0,0,0,0,0,0,1,0,0
457,457,"[80, 9648, 53]",4.8,2006-03-29,Basic Instinct 2,70000000.0,5946136.0,35417162.0,-34582838.0,-64053864.0,0,0,0,0,1,0,0,0,0,0,0,0,1,0,0,0,1,0,0
458,458,"[12, 18, 36]",6.9,2009-05-17,Agora,70000000.0,619423.0,38992292.0,-31007708.0,-69380577.0,0,1,0,0,0,0,1,0,0,1,0,0,0,0,0,0,0,0,0
459,459,"[16, 10751, 35]",7.2,2010-07-08,Despicable Me,69000000.0,251513985.0,543464573.0,474464573.0,182513985.0,0,0,1,1,0,0,0,1,0,0,0,0,0,0,0,0,0,0,0
460,460,[35],5.6,2010-07-30,Dinner for Schmucks,69000000.0,73026337.0,86796502.0,17796502.0,4026337.0,0,0,0,1,0,0,0,0,0,0,0,0,0,0,0,0,0,0,0
461,461,"[9648, 53]",6.5,2018-02-28,Red Sparrow,69000000.0,46874505.0,145951861.0,76951861.0,-22125495.0,0,0,0,0,0,0,0,0,0,0,0,0,1,0,0,0,1,0,0
462,462,"[12, 18, 14, 10749]",6.1,2010-06-23,The Twilight Saga: Eclipse,68000000.0,300531751.0,706102828.0,638102828.0,232531751.0,0,1,0,0,0,0,1,0,1,0,0,0,0,1,0,0,0,0,0
463,463,[35],6.1,2015-06-25,Ted 2,68000000.0,81476385.0,217214143.0,149214143.0,13476385.0,0,0,0,1,0,0,0,0,0,0,0,0,0,0,0,0,0,0,0
464,464,"[35, 10749]",5.5,2011-02-25,Hall Pass,68000000.0,45060734.0,87173475.0,19173475.0,-22939266.0,0,0,0,1,0,0,0,0,0,0,0,0,0,1,0,0,0,0,0
465,465,"[35, 18, 878]",5.1,2017-12-22,Downsizing,68000000.0,24449754.0,54462971.0,-13537029.0,-43550246.0,0,0,0,1,0,0,1,0,0,0,0,0,0,0,1,0,0,0,0
466,466,"[28, 18, 53]",6.6,2008-10-10,Body of Lies,67500000.0,39394666.0,118556530.0,51056530.0,-28105334.0,1,0,0,0,0,0,1,0,0,0,0,0,0,0,0,0,1,0,0
467,467,"[18, 10752]",7.4,2014-12-25,Unbroken,65000000.0,115637895.0,163527824.0,98527824.0,50637895.0,0,0,0,0,0,0,1,0,0,0,0,0,0,0,0,0,0,1,0
468,468,"[28, 35, 80]",6.8,2015-05-06,Spy!,65000000.0,110825712.0,232585748.0,167585748.0,45825712.0,1,0,0,1,1,0,0,0,0,0,0,0,0,0,0,0,0,0,0
469,469,"[35, 18]",6.3,2010-11-04,Due Date,65000000.0,100539043.0,211739043.0,146739043.0,35539043.0,0,0,0,1,0,0,1,0,0,0,0,0,0,0,0,0,0,0,0
470,470,[35],6.5,2008-07-25,Step Brothers,65000000.0,100468793.0,128468793.0,63468793.0,35468793.0,0,0,0,1,0,0,0,0,0,0,0,0,0,0,0,0,0,0,0
471,471,"[35, 18, 10751]",6.2,2014-12-19,Annie,65000000.0,85911262.0,139829625.0,74829625.0,20911262.0,0,0,0,1,0,0,1,1,0,0,0,0,0,0,0,0,0,0,0
472,472,"[12, 14, 10751]",6.3,2016-08-10,Pete’s Dragon,65000000.0,76233151.0,137768975.0,72768975.0,11233151.0,0,1,0,0,0,0,0,1,1,0,0,0,0,0,0,0,0,0,0
473,473,"[18, 36, 53]",6.0,2006-08-09,World Trade Center,65000000.0,70278893.0,163295654.0,98295654.0,5278893.0,0,0,0,0,0,0,1,0,0,1,0,0,0,0,0,0,1,0,0
474,474,[35],6.0,2012-05-15,The Dictator,65000000.0,59650222.0,180148897.0,115148897.0,-5349778.0,0,0,0,1,0,0,0,0,0,0,0,0,0,0,0,0,0,0,0
475,475,"[28, 35, 10749]",6.1,2012-02-14,This Means War,65000000.0,54760791.0,156974557.0,91974557.0,-10239209.0,1,0,0,1,0,0,0,0,0,0,0,0,0,1,0,0,0,0,0
476,476,"[10749, 35, 80, 18]",6.8,2015-02-25,Focus,65000000.0,53862963.0,168065700.0,103065700.0,-11137037.0,0,0,0,1,1,0,1,0,0,0,0,0,0,1,0,0,0,0,0
477,477,"[28, 878, 53, 10752]",5.4,2012-11-21,Red Dawn,65000000.0,44806783.0,48164150.0,-16835850.0,-20193217.0,1,0,0,0,0,0,0,0,0,0,0,0,0,0,1,0,1,1,0
478,478,[18],6.8,2006-12-12,We Are Marshall,65000000.0,43545364.0,43545364.0,-21454636.0,-21454636.0,0,0,0,0,0,0,1,0,0,0,0,0,0,0,0,0,0,0,0
479,479,"[12, 18, 28]",6.8,2015-09-10,Everest,65000000.0,43482270.0,221297061.0,156297061.0,-21517730.0,1,1,0,0,0,0,1,0,0,0,0,0,0,0,0,0,0,0,0
480,480,"[28, 27, 878]",5.7,2012-09-12,Resident Evil: Retribution,65000000.0,42345531.0,240647629.0,175647629.0,-22654469.0,1,0,0,0,0,0,0,0,0,0,1,0,0,0,1,0,0,0,0
481,481,"[28, 878, 53]",6.1,2008-08-22,Death Race,65000000.0,36316032.0,72516819.0,7516819.0,-28683968.0,1,0,0,0,0,0,0,0,0,0,0,0,0,0,1,0,1,0,0
482,482,"[28, 16, 878, 10751]",6.2,2009-10-15,Astro Boy,65000000.0,19551067.0,41636243.0,-23363757.0,-45448933.0,1,0,1,0,0,0,0,1,0,0,0,0,0,0,1,0,0,0,0
483,483,"[27, 53]",5.2,2014-01-22,"I, Frankenstein",65000000.0,19075290.0,74575290.0,9575290.0,-45924710.0,0,0,0,0,0,0,0,0,0,0,1,0,0,0,0,0,1,0,0
484,484,"[80, 28, 53]",6.3,2014-08-20,Sin City: A Dame to Kill For,65000000.0,13757804.0,40650842.0,-24349158.0,-51242196.0,1,0,0,0,1,0,0,0,0,0,0,0,0,0,0,0,1,0,0
485,485,"[80, 18, 53]",6.2,2016-12-25,Live by Night,65000000.0,10378555.0,21774432.0,-43225568.0,-54621445.0,0,0,0,0,1,0,1,0,0,0,0,0,0,0,0,0,1,0,0
486,486,"[28, 12, 18]",6.0,2015-02-19,Tian jiang xiong shi,65000000.0,74070.0,122519874.0,57519874.0,-64925930.0,1,1,0,0,0,0,1,0,0,0,0,0,0,0,0,0,0,0,0
487,487,"[28, 12, 18, 10752]",3.9,2018-10-26,Air Strike,65000000.0,0.0,516279.0,-64483721.0,-65000000.0,1,1,0,0,0,0,1,0,0,0,0,0,0,0,0,0,0,1,0
488,488,"[35, 80]",5.5,2006-08-31,Little Man,64000000.0,58636047.0,101636047.0,37636047.0,-5363953.0,0,0,0,1,1,0,0,0,0,0,0,0,0,0,0,0,0,0,0
489,489,"[80, 18, 14]",7.2,2006-09-13,Perfume: The Story of a Murderer,63700000.0,2223293.0,133603463.0,69903463.0,-61476707.0,0,0,0,0,1,0,1,0,1,0,0,0,0,0,0,0,0,0,0
490,490,"[16, 35, 10751]",5.7,2011-03-30,Hop,63000000.0,108085305.0,188657593.0,125657593.0,45085305.0,0,0,1,1,0,0,0,1,0,0,0,0,0,0,0,0,0,0,0
491,491,"[28, 53]",6.3,2017-09-14,American Assassin,63000000.0,36249674.0,68310140.0,5310140.0,-26750326.0,1,0,0,0,0,0,0,0,0,0,0,0,0,0,0,0,1,0,0
492,492,"[80, 18, 9648, 37]",7.7,2015-12-25,The Hateful Eight,62000000.0,54117416.0,147924595.0,85924595.0,-7882584.0,0,0,0,0,1,0,1,0,0,0,0,0,1,0,0,0,0,0,1
493,493,"[35, 10749]",4.3,2008-06-20,The Love Guru,62000000.0,32235793.0,40159017.0,-21840983.0,-29764207.0,0,0,0,1,0,0,0,0,0,0,0,0,0,1,0,0,0,0,0
494,494,"[18, 9648, 53]",7.9,2014-10-01,Gone Girl,61000000.0,167767189.0,368567189.0,307567189.0,106767189.0,0,0,0,0,0,0,1,0,0,0,0,0,1,0,0,0,1,0,0
495,495,[35],6.0,2007-03-30,Blades of Glory,61000000.0,118594548.0,145594548.0,84594548.0,57594548.0,0,0,0,1,0,0,0,0,0,0,0,0,0,0,0,0,0,0,0
496,496,"[28, 878, 53]",6.6,2015-09-09,Maze Runner: The Scorch Trials,61000000.0,81697192.0,310566162.0,249566162.0,20697192.0,1,0,0,0,0,0,0,0,0,0,0,0,0,0,1,0,1,0,0
497,497,"[28, 35, 80]",6.5,2013-08-02,2 Guns,61000000.0,75612460.0,132493015.0,71493015.0,14612460.0,1,0,0,1,1,0,0,0,0,0,0,0,0,0,0,0,0,0,0
498,498,"[28, 878]",7.0,2018-01-10,Maze Runner: The Death Cure,61000000.0,58032443.0,265878536.0,204878536.0,-2967557.0,1,0,0,0,0,0,0,0,0,0,0,0,0,0,1,0,0,0,0
499,499,"[12, 18, 10751]",6.7,2019-01-10,A Dog’s Way Home,61000000.0,41952715.0,81151001.0,20151001.0,-19047285.0,0,1,0,0,0,0,1,1,0,0,0,0,0,0,0,0,0,0,0
500,500,"[35, 14, 10749]",6.4,2016-02-08,Mei Ren Yu,60720000.0,3229457.0,554516671.0,493796671.0,-57490543.0,0,0,0,1,0,0,0,0,1,0,0,0,0,1,0,0,0,0,0
501,501,"[12, 16, 35, 14, 10751]",7.4,2014-02-06,The Lego Movie,60000000.0,257784718.0,457729388.0,397729388.0,197784718.0,0,1,1,1,0,0,0,1,1,0,0,0,0,0,0,0,0,0,0
502,502,"[28, 12, 10752]",7.1,2007-03-07,300,60000000.0,210614939.0,454161935.0,394161935.0,150614939.0,1,1,0,0,0,0,0,0,0,0,0,0,0,0,0,0,0,1,0
503,503,"[28, 12, 35]",5.8,2007-03-02,Wild Hogs,60000000.0,168213584.0,253555383.0,193555383.0,108213584.0,1,1,0,1,0,0,0,0,0,0,0,0,0,0,0,0,0,0,0
504,504,"[35, 10751]",7.2,2008-12-25,Marley & Me,60000000.0,143153751.0,247812011.0,187812011.0,83153751.0,0,0,0,1,0,0,0,1,0,0,0,0,0,0,0,0,0,0,0
505,505,"[18, 36]",7.1,2016-09-07,Sully,60000000.0,125070033.0,238524556.0,178524556.0,65070033.0,0,0,0,0,0,0,1,0,0,1,0,0,0,0,0,0,0,0,0
506,506,"[35, 10749]",5.4,2009-09-19,Couples Retreat,60000000.0,109205660.0,172450423.0,112450423.0,49205660.0,0,0,0,1,0,0,0,0,0,0,0,0,0,1,0,0,0,0,0
507,507,"[10402, 99, 18]",6.9,2009-10-28,Michael Jackson's This Is It,60000000.0,72091016.0,252091016.0,192091016.0,12091016.0,0,0,0,0,0,1,1,0,0,0,0,1,0,0,0,0,0,0,0
508,508,"[878, 53]",5.1,2008-06-11,The Happening,60000000.0,64506874.0,162778384.0,102778384.0,4506874.0,0,0,0,0,0,0,0,0,0,0,0,0,0,0,1,0,1,0,0
509,509,"[28, 53]",5.9,2016-03-02,London Has Fallen,60000000.0,62524260.0,195194085.0,135194085.0,2524260.0,1,0,0,0,0,0,0,0,0,0,0,0,0,0,0,0,1,0,0
510,510,"[35, 10751]",4.7,2006-03-09,The Shaggy Dog,60000000.0,61123569.0,87123569.0,27123569.0,1123569.0,0,0,0,1,0,0,0,1,0,0,0,0,0,0,0,0,0,0,0
511,511,"[28, 53]",5.6,2016-10-19,Jack Reacher: Never Go Back,60000000.0,58697076.0,159946489.0,99946489.0,-1302924.0,1,0,0,0,0,0,0,0,0,0,0,0,0,0,0,0,1,0,0
512,512,"[28, 35]",6.1,2017-05-12,Baywatch,60000000.0,58060186.0,175863783.0,115863783.0,-1939814.0,1,0,0,1,0,0,0,0,0,0,0,0,0,0,0,0,0,0,0
513,513,"[35, 18]",6.5,2015-12-24,Joy,60000000.0,56451232.0,101134059.0,41134059.0,-3548768.0,0,0,0,1,0,0,1,0,0,0,0,0,0,0,0,0,0,0,0
514,514,"[12, 16, 35, 10751]",6.8,2012-08-03,ParaNorman,60000000.0,56003051.0,108119662.0,48119662.0,-3996949.0,0,1,1,1,0,0,0,1,0,0,0,0,0,0,0,0,0,0,0
515,515,"[12, 16, 10751]",5.8,2008-12-19,The Tale of Despereaux,60000000.0,50877145.0,90482317.0,30482317.0,-9122855.0,0,1,1,0,0,0,0,1,0,0,0,0,0,0,0,0,0,0,0
516,516,"[16, 35, 14, 10751]",6.6,2014-09-10,The Boxtrolls,60000000.0,50837305.0,111946251.0,51946251.0,-9162695.0,0,0,1,1,0,0,0,1,1,0,0,0,0,0,0,0,0,0,0
517,517,"[28, 12, 14, 878, 37]",5.6,2017-08-03,The Dark Tower,60000000.0,50701325.0,113461527.0,53461527.0,-9298675.0,1,1,0,0,0,0,0,0,1,0,0,0,0,0,1,0,0,0,1
518,518,"[28, 18, 53]",6.1,2014-01-15,Jack Ryan: Shadow Recruit,60000000.0,50577412.0,131377412.0,71377412.0,-9422588.0,1,0,0,0,0,0,1,0,0,0,0,0,0,0,0,0,1,0,0
519,519,"[28, 12, 878, 53]",4.3,2015-01-16,Vice,60000000.0,47836282.0,70893782.0,10893782.0,-12163718.0,1,1,0,0,0,0,0,0,0,0,0,0,0,0,1,0,1,0,0
520,520,"[28, 80, 18, 9648, 53]",7.0,2007-03-22,Shooter,60000000.0,47003582.0,95538560.0,35538560.0,-12996418.0,1,0,0,0,1,0,1,0,0,0,0,0,1,0,0,0,1,0,0
521,521,"[28, 80, 18, 53]",6.3,2013-01-10,Gangster Squad,60000000.0,46000903.0,104100903.0,44100903.0,-13999097.0,1,0,0,0,1,0,1,0,0,0,0,0,0,0,0,0,1,0,0
522,522,"[12, 16, 35, 10751]",6.1,2017-03-23,Smurfs: The Lost Village,60000000.0,45020282.0,197578586.0,137578586.0,-14979718.0,0,1,1,1,0,0,0,1,0,0,0,0,0,0,0,0,0,0,0
523,523,"[18, 36]",7.1,2018-10-11,First Man,60000000.0,44936545.0,105217104.0,45217104.0,-15063455.0,0,0,0,0,0,0,1,0,0,1,0,0,0,0,0,0,0,0,0
524,524,"[12, 35]",4.8,2009-06-18,Year One,60000000.0,43337279.0,57604723.0,-2395277.0,-16662721.0,0,1,0,1,0,0,0,0,0,0,0,0,0,0,0,0,0,0,0
525,525,"[80, 18, 9648, 53]",6.3,2010-01-28,Edge of Darkness,60000000.0,43313890.0,82812456.0,22812456.0,-16686110.0,0,0,0,0,1,0,1,0,0,0,0,0,1,0,0,0,1,0,0
526,526,"[12, 16, 35, 878, 10751]",5.7,2009-11-19,Planet 51,60000000.0,42194060.0,108996113.0,48996113.0,-17805940.0,0,1,1,1,0,0,0,1,0,0,0,0,0,0,1,0,0,0,0
527,527,"[35, 80, 10749]",5.9,2009-03-19,Duplicity,60000000.0,40572825.0,81079566.0,21079566.0,-19427175.0,0,0,0,1,1,0,0,0,0,0,0,0,0,1,0,0,0,0,0
528,528,"[28, 80, 18, 53]",5.9,2008-09-11,Righteous Kill,60000000.0,40081410.0,78481410.0,18481410.0,-19918590.0,1,0,0,0,1,0,1,0,0,0,0,0,0,0,0,0,1,0,0
529,529,"[18, 36]",7.2,2009-12-10,Invictus,60000000.0,37491364.0,124514011.0,64514011.0,-22508636.0,0,0,0,0,0,0,1,0,0,1,0,0,0,0,0,0,0,0,0
530,530,"[53, 18]",6.8,2009-04-17,State of Play,60000000.0,37017955.0,88832210.0,28832210.0,-22982045.0,0,0,0,0,0,0,1,0,0,0,0,0,0,0,0,0,1,0,0
531,531,"[27, 18, 9648]",6.3,1977-01-07,The Sentinel,60000000.0,36280697.0,78080697.0,18080697.0,-23719303.0,0,0,0,0,0,0,1,0,0,0,1,0,1,0,0,0,0,0,0
532,532,"[18, 10749]",6.7,2012-09-21,Trouble with the Curve,60000000.0,35763137.0,47818913.0,-12181087.0,-24236863.0,0,0,0,0,0,0,1,0,0,0,0,0,0,1,0,0,0,0,0
533,533,[28],5.4,2019-02-07,Cold Pursuit,60000000.0,32138862.0,62599159.0,2599159.0,-27861138.0,1,0,0,0,0,0,0,0,0,0,0,0,0,0,0,0,0,0,0
534,534,"[18, 10402]",6.7,2009-04-24,The Soloist,60000000.0,31853584.0,38522450.0,-21477550.0,-28146416.0,0,0,0,0,0,0,1,0,0,0,0,1,0,0,0,0,0,0,0
535,535,"[28, 12, 18, 9648, 10749, 14]",6.3,2013-08-21,The Mortal Instruments: City of Bones,60000000.0,31165421.0,75965567.0,15965567.0,-28834579.0,1,1,0,0,0,0,1,0,1,0,0,0,1,1,0,0,0,0,0
536,536,"[28, 27, 53]",5.6,2011-05-05,Priest,60000000.0,29136626.0,84154026.0,24154026.0,-30863374.0,1,0,0,0,0,0,0,0,0,0,1,0,0,0,0,0,1,0,0
537,537,"[16, 35, 10751]",5.3,2006-06-15,Garfield: A Tail of Two Kitties,60000000.0,28426747.0,147985373.0,87985373.0,-31573253.0,0,0,1,1,0,0,0,1,0,0,0,0,0,0,0,0,0,0,0
538,538,[18],5.7,2006-09-15,The Black Dahlia,60000000.0,22672813.0,49238525.0,-10761475.0,-37327187.0,0,0,0,0,0,0,1,0,0,0,0,0,0,0,0,0,0,0,0
539,539,"[28, 35, 80, 878, 53]",4.8,2008-12-25,The Spirit,60000000.0,19806188.0,39006188.0,-20993812.0,-40193812.0,1,0,0,1,1,0,0,0,0,0,0,0,0,0,1,0,1,0,0
540,540,"[12, 14, 10751]",6.2,2008-12-11,Inkheart,60000000.0,17303424.0,66655938.0,6655938.0,-42696576.0,0,1,0,0,0,0,0,1,1,0,0,0,0,0,0,0,0,0,0
541,541,"[28, 12, 18, 36, 10749, 10752]",6.4,2006-09-22,Flyboys,60000000.0,13090630.0,14816379.0,-45183621.0,-46909370.0,1,1,0,0,0,0,1,0,0,1,0,0,0,1,0,0,0,1,0
542,542,"[18, 14, 9648, 10749]",6.2,2014-02-13,Winter’s Tale,60000000.0,12600231.0,29575033.0,-30424967.0,-47399769.0,0,0,0,0,0,0,1,0,1,0,0,0,1,1,0,0,0,0,0
543,543,"[12, 35, 878, 10751]",5.2,2008-07-08,Meet Dave,60000000.0,11803254.0,50648806.0,-9351194.0,-48196746.0,0,1,0,1,0,0,0,1,0,0,0,0,0,0,1,0,0,0,0
544,544,"[12, 16, 35, 10402, 10751]",5.8,2016-07-08,Rock Dog,60000000.0,9420546.0,24148488.0,-35851512.0,-50579454.0,0,1,1,1,0,0,0,1,0,0,0,1,0,0,0,0,0,0,0
545,545,"[35, 12]",5.4,2015-01-21,Mortdecai,60000000.0,7696134.0,30396134.0,-29603866.0,-52303866.0,0,1,0,1,0,0,0,0,0,0,0,0,0,0,0,0,0,0,0
546,546,"[28, 12, 18, 14]",4.5,2007-11-29,In the Name of the King: A Dungeon Siege Tale,60000000.0,4775656.0,13233220.0,-46766780.0,-55224344.0,1,1,0,0,0,0,1,0,1,0,0,0,0,0,0,0,0,0,0
547,547,"[28, 12, 14]",6.0,2016-01-22,Xi You Ji zhi Sun Wu Kong San Da Bai Gu Jing,60000000.0,709982.0,194058503.0,134058503.0,-59290018.0,1,1,0,0,0,0,0,0,1,0,0,0,0,0,0,0,0,0,0
548,548,"[35, 37]",5.0,2015-12-11,The Ridiculous 6,60000000.0,0.0,0.0,-60000000.0,-60000000.0,0,0,0,1,0,0,0,0,0,0,0,0,0,0,0,0,0,0,1
549,549,"[16, 10751, 14]",5.5,2018-03-15,Sherlock Gnomes,59000000.0,43242871.0,87527651.0,28527651.0,-15757129.0,0,0,1,0,0,0,0,1,1,0,0,0,0,0,0,0,0,0,0
550,550,"[28, 12, 14, 10751]",6.0,2019-01-16,The Kid Who Would Be King,59000000.0,16790790.0,28296983.0,-30703017.0,-42209210.0,1,1,0,0,0,0,0,1,1,0,0,0,0,0,0,0,0,0,0
551,551,"[28, 12, 35]",7.6,2016-02-09,Deadpool,58000000.0,363070709.0,801025593.0,743025593.0,305070709.0,1,1,0,1,0,0,0,0,0,0,0,0,0,0,0,0,0,0,0
552,552,"[28, 10752]",7.4,2014-12-11,American Sniper,58000000.0,350126372.0,547326372.0,489326372.0,292126372.0,1,0,0,0,0,0,0,0,0,0,0,0,0,0,0,0,0,1,0
553,553,"[12, 35, 27]",6.2,2015-08-05,Goosebumps,58000000.0,80069458.0,158905324.0,100905324.0,22069458.0,0,1,0,1,0,0,0,0,0,0,1,0,0,0,0,0,0,0,0
554,554,"[18, 28, 12, 36, 10752]",6.1,2012-01-19,Red Tails,58000000.0,49876377.0,50365498.0,-7634502.0,-8123623.0,1,1,0,0,0,0,1,0,0,1,0,0,0,0,0,0,0,1,0
555,555,[],0.0,2019-04-20,The Internship,58000000.0,44672764.0,93672764.0,35672764.0,-13327236.0,0,0,0,0,0,0,0,0,0,0,0,0,0,0,0,0,0,0,0
556,556,"[35, 10749, 18]",5.8,2008-03-24,Leatherheads,58000000.0,31373938.0,41348628.0,-16651372.0,-26626062.0,0,0,0,1,0,0,1,0,0,0,0,0,0,1,0,0,0,0,0
557,557,"[27, 878, 53]",6.4,2017-03-22,Life,58000000.0,30234022.0,100929666.0,42929666.0,-27765978.0,0,0,0,0,0,0,0,0,0,0,1,0,0,0,1,0,1,0,0
558,558,[35],5.3,2009-12-17,Did You Hear About the Morgans?,58000000.0,29580087.0,80480566.0,22480566.0,-28419913.0,0,0,0,1,0,0,0,0,0,0,0,0,0,0,0,0,0,0,0
559,559,"[18, 36, 10752]",6.8,2008-09-05,"Che, Part 1: The Argentine",58000000.0,1802521.0,31627370.0,-26372630.0,-56197479.0,0,0,0,0,0,0,1,0,0,1,0,0,0,0,0,0,0,1,0
560,560,"[35, 18, 10749]",6.4,2008-05-12,Sex and the City,57500000.0,152647258.0,415247258.0,357747258.0,95147258.0,0,0,0,1,0,0,1,0,0,0,0,0,0,1,0,0,0,0,0
561,561,"[28, 12, 27, 878]",6.0,2010-09-09,Resident Evil: Afterlife,57500000.0,60128566.0,295874190.0,238374190.0,2628566.0,1,1,0,0,0,0,0,0,0,0,1,0,0,0,1,0,0,0,0
562,562,[35],5.5,2012-06-14,That's My Boy,57500000.0,36931089.0,58085235.0,585235.0,-20568911.0,0,0,0,1,0,0,0,0,0,0,0,0,0,0,0,0,0,0,0
563,563,"[28, 14, 53]",4.8,2011-12-10,Ghost Rider: Spirit of Vengeance,57000000.0,51774002.0,149217355.0,92217355.0,-5225998.0,1,0,0,0,0,0,0,0,1,0,0,0,0,0,0,0,1,0,0
564,564,"[35, 14]",5.7,2014-12-24,Into the Woods,56200000.0,128002372.0,213116401.0,156916401.0,71802372.0,0,0,0,1,0,0,0,0,1,0,0,0,0,0,0,0,0,0,0
565,565,"[12, 35, 14]",6.6,2018-02-16,Zhuo yao ji,56000000.0,32766.0,359495591.0,303495591.0,-55967234.0,0,1,0,1,0,0,0,0,1,0,0,0,0,0,0,0,0,0,0
